日期,身份別,期貨多方交易口數,選擇權多方交易口數,期貨多方交易契約金額(千元),選擇權多方交易契約金額(千元),期貨空方交易口數,選擇權空方交易口數,期貨空方交易契約金額(千元),選擇權空方交易契約金額(千元),期貨多空交易口數淨額,選擇權多空交易口數淨額,期貨多空交易契約金額淨額(千元),選擇權多空交易契約金額淨額(千元),期貨多方未平倉口數,選擇權多方未平倉口數,期貨多方未平倉契約金額(千元),選擇權多方未平倉契約金額(千元),期貨空方未平倉口數,選擇權空方未平倉口數,期貨空方未平倉契約金額(千元),選擇權空方未平倉契約金額(千元),期貨多空未平倉口數淨額,選擇權多空未平倉口數淨額,期貨多空未平倉契約金額淨額(千元),選擇權多空未平倉契約金額淨額(千元)
2020/01/02,自營商,42276,371955,48565572,554100,40637,371616,43289054,590279,1639,339,5276518,-36179.0,42239,134485,37701270,460308,105254,143343,45639203,838148,-63015,-8858,-7937933,-377840
2020/01/02,投信,1647,64,3986158,14,150,68,90680,0,1497,-4,3895478,14.0,4591,100,5602277,49,29335,120,63615057,611,-24744,-20,-58012780,-562
2020/01/02,外資及陸資,118017,135564,134606955,307120,115006,123320,135982330,302152,3011,12244,-1375375,4968.0,96305,60558,169677056,932801,89338,65226,84919674,498636,6967,-4668,84757382,434165
2020/01/03,自營商,65152,395768,78615055,939389,64325,386183,75386211,928260,827,9585,3228844,11129.0,42622,171873,38034459,552475,104759,171054,42700953,908752,-62137,819,-4666494,-356277
2020/01/03,投信,42,0,101314,0,61,0,145265,0,-19,0,-43951,0.0,4559,100,5519627,63,29322,120,63517357,543,-24763,-20,-57997730,-480
2020/01/03,外資及陸資,195513,184672,242173651,644560,196479,189774,244601765,650741,-966,-5102,-2428114,-6181.0,95478,77042,168927613,991754,89477,86812,86604935,569718,6001,-9770,82322678,422036
2020/01/06,自營商,41328,310825,43079157,618101,46129,317939,50531232,574677,-4801,-7114,-7452075,43424.0,41703,200079,36023377,614014,108641,206324,47975898,884436,-66938,-6245,-11952521,-270422
2020/01/06,投信,20,0,47933,0,251,0,600109,0,-231,0,-552176,0.0,4536,100,5402692,113,29530,120,63278346,236,-24994,-20,-57875654,-123
2020/01/06,外資及陸資,149333,144318,181223773,428268,156033,148847,189812357,471764,-6700,-4529,-8588584,-43496.0,93926,88803,162884575,920896,94625,103102,90082241,615841,-699,-14299,72802334,305055
2020/01/07,自營商,59960,514670,70083403,984471,59570,535958,71104137,1013881,390,-21288,-1020734,-29410.0,42450,203109,35962169,643823,108860,230526,48723152,913005,-66410,-27417,-12760983,-269182
2020/01/07,投信,981,0,1455987,0,356,0,825228,0,625,0,630759,0.0,4512,100,5328891,135,28881,120,62186359,109,-24369,-20,-56857468,26
2020/01/07,外資及陸資,190683,230295,225589637,695261,194733,233399,233658845,690459,-4050,-3104,-8069208,4802.0,90463,91768,153900045,902765,95248,109237,89657626,626808,-4785,-17469,64242419,275957
2020/01/08,自營商,69908,578220,74592982,1137997,73260,566388,77748114,1072631,-3352,11832,-3155132,65366.0,43814,174947,33381300,610528,113715,156972,49176881,764536,-69901,17975,-15795581,-154008
2020/01/08,投信,0,69,0,113,325,66,766802,13,-325,3,-766802,100.0,4505,100,5275495,299,29199,117,62502141,34,-24694,-17,-57226646,265
2020/01/08,外資及陸資,215592,313319,264501283,830070,202285,320153,245776307,813003,13307,-6834,18724976,17067.0,97811,83291,164622335,911641,89342,104552,82050782,634844,8469,-21261,82571553,276797
2020/01/09,自營商,56950,239515,59787560,599151,52766,231520,56554276,553061,4184,7995,3233284,46090.0,50185,201389,41206640,580771,115740,175391,54072015,763565,-65555,25998,-12865375,-182794
2020/01/09,投信,938,0,2032763,0,302,0,720165,0,636,0,1312598,0.0,4523,100,5398141,75,28581,117,62195363,119,-24058,-17,-56797222,-44
2020/01/09,外資及陸資,164104,125383,205516910,460296,157558,122973,198401508,461161,6546,2410,7115402,-865.0,102585,100059,175637016,938392,87615,118910,84575138,605278,14970,-18851,91061878,333114
2020/01/10,自營商,44670,219415,48559368,475888,41428,229753,46122683,493857,3242,-10338,2436685,-17969.0,51375,213148,42096658,599188,113736,197499,52580586,805507,-62361,15649,-10483928,-206319
2020/01/10,投信,4041,0,8284572,0,6304,0,13262549,0,-2263,0,-4977977,0.0,4550,100,5480372,57,30871,117,67461341,158,-26321,-17,-61980969,-101
2020/01/10,外資及陸資,159561,111859,216558319,372851,159867,113744,213377688,403876,-306,-1885,3180631,-31025.0,107486,117889,190984767,1002790,92849,138625,96403937,695806,14637,-20736,94580830,306984
2020/01/13,自營商,56123,330737,63919141,524019,54790,309833,63659208,487968,1333,20904,259933,36051.0,51558,243689,40813572,590359,112589,207090,51191084,802513,-61031,36599,-10377512,-212154
2020/01/13,投信,14664,16,32915579,60,15189,19,34138223,1,-525,-3,-1222644,59.0,4552,97,5529237,64,31398,117,69258995,133,-26846,-20,-63729758,-69
2020/01/13,外資及陸資,196544,147622,283797848,459427,189290,147585,274361817,447651,7254,37,9436031,11776.0,117124,122061,211656115,1017507,95242,142760,106768766,688385,21882,-20699,104887349,329122
2020/01/14,自營商,62868,283217,68249550,419430,64203,269728,69242709,430562,-1335,13489,-993159,-11132.0,51701,265452,39978460,643222,111880,215254,51496392,878123,-60179,50198,-11517932,-234901
2020/01/14,投信,14198,58,26718729,77,13919,8,25995226,0,279,50,723503,77.0,4566,97,5582278,86,31133,67,68914511,193,-26567,30,-63332233,-107
2020/01/14,外資及陸資,159100,108545,218549313,335783,163892,114862,225896117,310006,-4792,-6317,-7346804,25777.0,111936,129268,202394202,1103018,94824,156284,104286836,759603,17112,-27016,98107366,343415
2020/01/15,自營商,71374,373142,84491884,567493,74020,419762,85034541,618370,-2646,-46620,-542657,-50877.0,34442,135049,29511659,473326,83998,100144,37983105,685909,-49556,34905,-8471446,-212583
2020/01/15,投信,1470,139,3095325,154,56,138,134949,143,1414,1,2960376,11.0,4554,96,5501237,252,29689,65,65327120,127,-25135,31,-59825883,125
2020/01/15,外資及陸資,147739,166062,204166548,401977,156735,171176,212112297,390885,-8996,-5114,-7945749,11092.0,89629,66505,162665734,898532,74116,79410,73300946,564240,15513,-12905,89364788,334292
2020/01/16,自營商,33910,140744,35176877,406487,35719,140183,33795674,397793,-1809,561,1381203,8694.0,37201,164661,31262296,535216,88689,129211,38371200,744669,-51488,35450,-7108904,-209453
2020/01/16,投信,829,0,1997786,0,27,0,54043,0,802,0,1943743,0.0,4564,96,5533549,236,28897,65,63400771,124,-24333,31,-57867222,112
2020/01/16,外資及陸資,129263,68333,153441781,253346,137728,74015,167383463,281614,-8465,-5682,-13941682,-28268.0,89709,74878,157737996,919350,82661,93465,82376074,612788,7048,-18587,75361922,306562
2020/01/17,自營商,35264,157466,36925500,421654,37511,157155,37100267,430738,-2247,311,-174767,-9084.0,38617,186931,32567159,567345,92493,151164,39824683,794810,-53876,35767,-7257524,-227465
2020/01/17,投信,1,0,2414,0,0,0,0,0,1,0,2414,0.0,4565,96,5544744,196,28897,65,63496052,122,-24332,31,-57951308,74
2020/01/17,外資及陸資,133977,69060,156046797,253333,132828,73908,154268480,262978,1149,-4848,1778317,-9645.0,90899,78677,156805977,923020,82693,102112,79606507,618331,8206,-23435,77199470,304689
2020/01/20,自營商,32618,151359,30748668,365331,35690,148807,29843300,349306,-3072,2552,905368,16025.0,38977,205144,34296041,592789,95943,166716,40666966,818110,-56966,38428,-6370925,-225321
2020/01/20,投信,537,0,1300647,0,22,4,52403,12,515,-4,1248244,-12.0,4551,96,5530269,154,28368,65,62425918,143,-23817,31,-56895649,11
2020/01/20,外資及陸資,101887,57379,110813563,193919,101196,60126,111003493,207515,691,-2747,-189930,-13596.0,91225,83724,159324993,941760,82325,109906,82049924,637174,8900,-26182,77275069,304586
2020/01/30,自營商,97257,688389,108181936,2111362,101146,777681,113246019,2289891,-3889,-89292,-5064083,-178529.0,41534,172574,34953133,1211223,102537,169983,45760203,1131958,-61003,2591,-10807070,79265
2020/01/30,投信,129,148,296911,306,2660,148,6069153,1625,-2531,0,-5772242,-1319.0,4600,99,5277245,846,30948,68,64480192,136,-26348,31,-59202947,710
2020/01/30,外資及陸資,265558,164526,331484478,710408,290191,186213,366451532,670173,-24633,-21687,-34967054,40235.0,87732,86434,143841636,1301390,98064,122101,105282314,1414597,-10332,-35667,38559322,-113207
2020/01/31,自營商,68153,350616,62542436,1145146,67234,334224,61984892,1097863,919,16392,557544,47283.0,41624,229345,33758739,1150178,101888,210367,44100404,1100327,-60264,18978,-10341665,49851
2020/01/31,投信,1044,6,2397265,25,52,8,117322,144,992,-2,2279943,-119.0,4580,97,5249925,420,29936,68,62603425,146,-25356,29,-57353500,274
2020/01/31,外資及陸資,262406,142856,311912918,535549,238980,119494,279399808,479146,23426,23362,32513110,56403.0,98995,120671,159235728,1246217,85953,133056,87913983,1235131,13042,-12385,71321745,11086
2020/02/03,自營商,84811,458560,84654496,1624438,82164,490185,82851107,1682924,2647,-31625,1803389,-58486.0,45869,248789,39857391,1406573,103648,261491,48291936,1324586,-57779,-12702,-8434545,81987
2020/02/03,投信,773,4,1744925,5,832,4,1639367,107,-59,0,105558,-102.0,4646,93,5521376,535,30061,64,62045035,82,-25415,29,-56523659,453
2020/02/03,外資及陸資,323806,232652,379598954,951642,324217,232121,378433920,960549,-411,531,1165034,-8907.0,95218,140524,154411115,1487980,85287,152378,82754036,1588600,9931,-11854,71657079,-100620
2020/02/04,自營商,66161,454412,67835865,985327,58042,428909,61117232,904480,8119,25503,6718633,80847.0,47680,275083,40663059,1228148,97445,262348,42538929,1238748,-49765,12735,-1875870,-10600
2020/02/04,投信,2486,0,5736515,0,9,0,20725,0,2477,0,5715790,0.0,4680,93,5715813,176,27615,64,57572591,150,-22935,29,-51856778,26
2020/02/04,外資及陸資,211884,192443,247225070,645475,205740,188423,240890420,625107,6144,4020,6334650,20368.0,96795,146051,155954690,1283297,80684,153885,76583462,1197765,16111,-7834,79371228,85532
2020/02/05,自營商,78216,609775,77465999,1220396,77650,603668,81173198,1147214,566,6107,-3707199,73182.0,47617,229916,38145831,1154607,97033,199411,43690409,1117998,-49416,30505,-5544578,36609
2020/02/05,投信,88,68,201289,175,387,71,893102,47,-299,-3,-691813,128.0,4629,90,5602585,285,27869,64,58201365,134,-23240,26,-52598780,151
2020/02/05,外資及陸資,221964,280448,253857348,770090,219678,275770,250160994,765540,2286,4678,3696354,4550.0,99953,133322,159673379,1234496,81581,142455,76575455,1143859,18372,-9133,83097924,90637
2020/02/06,自營商,55471,306950,55480578,885660,51899,297494,50130076,850667,3572,9456,5350502,34993.0,50098,258715,41842327,1114076,96008,218890,42151466,1210880,-45910,39825,-309139,-96804
2020/02/06,投信,864,0,2027828,0,308,50,715648,220,556,-50,1312180,-220.0,4648,90,5748067,94,27332,114,57933218,610,-22684,-24,-52185151,-516
2020/02/06,外資及陸資,197658,139784,232315812,538870,190500,136316,225714114,511656,7158,3468,6601698,27214.0,101183,144753,164048654,1209638,76550,150418,72816149,924400,24633,-5665,91232505,285238
2020/02/07,自營商,44587,250962,42951092,705459,50024,262952,47304305,752530,-5437,-11990,-4353213,-47071.0,50013,278660,40718878,1222324,101267,250897,45323628,1242320,-51254,27763,-4604750,-19996
2020/02/07,投信,209,0,484454,0,131,0,304209,0,78,0,180245,0.0,4607,90,5585793,168,27213,114,56918407,285,-22606,-24,-51332614,-117
2020/02/07,外資及陸資,172386,136270,210527433,505849,180254,129576,216040858,474104,-7868,6694,-5513425,31745.0,94489,165961,152777732,1316654,77724,164891,68188438,1129027,16765,1070,84589294,187627
2020/02/10,自營商,59442,362508,61374231,968188,60723,376130,61198222,1019000,-1281,-13622,176009,-50812.0,50330,293488,41452256,1207232,102679,279429,45871126,1258525,-52349,14059,-4418870,-51293
2020/02/10,投信,724,0,1674947,0,46,0,100059,0,678,0,1574888,0.0,4591,90,5543945,123,26519,114,55197821,211,-21928,-24,-49653876,-88
2020/02/10,外資及陸資,215451,192907,257430113,699430,217933,191168,258941511,689498,-2482,1739,-1511398,9932.0,96233,176547,154755650,1306828,81938,173673,71831474,1132769,14295,2874,82924176,174059
2020/02/11,自營商,51536,322275,46819520,692536,50830,303665,47413976,622269,706,18610,-594456,70267.0,50621,314274,41920802,1088996,103047,281669,47052661,1165915,-52426,32605,-5131859,-76919
2020/02/11,投信,653,0,1522210,0,22,0,51319,0,631,0,1470891,0.0,4581,90,5569628,43,25878,114,54175906,276,-21297,-24,-48606278,-233
2020/02/11,外資及陸資,135877,146030,152753718,438513,137006,148404,154758521,457744,-1129,-2374,-2004803,-19231.0,94780,183742,152936240,1198931,81590,183242,71355829,980630,13190,500,81580411,218301
2020/02/12,自營商,54765,455863,58633405,776315,48076,414209,52913517,694316,6689,41654,5719888,81999.0,53470,264204,45942014,945276,99899,219518,45402897,1064920,-46429,44686,539117,-119644
2020/02/12,投信,469,68,1103727,112,10,67,23540,0,459,1,1080187,112.0,4601,89,5666750,119,25439,112,53636728,465,-20838,-23,-47969978,-346
2020/02/12,外資及陸資,141069,182421,160133562,478156,131595,186277,147632914,482299,9474,-3856,12500648,-4143.0,101756,162889,166252202,1151387,79053,174815,71371552,863242,22703,-11926,94880650,288145
2020/02/13,自營商,51382,238204,45028072,559947,53163,228350,48550720,552570,-1781,9854,-3522648,7377.0,54418,295625,45524635,982654,102616,241078,48460486,1094971,-48198,54547,-2935851,-112317
2020/02/13,投信,32,0,75564,0,65,0,153422,0,-33,0,-77858,0.0,4631,89,5737002,96,25502,112,53806512,426,-20871,-23,-48069510,-330
2020/02/13,外資及陸資,165462,107068,192908130,369898,163399,109358,187634306,365802,2063,-2290,5273824,4096.0,101576,172362,168597343,1173073,77626,186578,68392673,876102,23950,-14216,100204670,296971
2020/02/14,自營商,47306,240677,50751507,548989,49676,237497,50992140,543321,-2370,3180,-240633,5668.0,54421,301056,46185018,924994,104932,243394,49435246,1065486,-50511,57662,-3250228,-140492
2020/02/14,投信,2921,12,5615724,60,2915,11,5593311,2,6,1,22413,58.0,4633,90,5759577,101,25498,112,53949405,431,-20865,-22,-48189828,-330
2020/02/14,外資及陸資,160737,118206,200480570,399334,166446,121164,209560337,401888,-5709,-2958,-9079767,-2554.0,99373,176332,169543070,1133571,81114,193506,78112701,830428,18259,-17174,91430369,303143
2020/02/17,自營商,48209,242266,51841707,450721,48555,271653,50324842,487168,-346,-29387,1516865,-36447.0,54052,296351,45846672,890733,104954,268132,47551316,1039181,-50902,28219,-1704644,-148448
2020/02/17,投信,15236,6,32685809,34,15648,6,33592452,1,-412,0,-906643,33.0,4673,90,5849955,115,25950,112,54773163,199,-21277,-22,-48923208,-84
2020/02/17,外資及陸資,172587,131448,233937606,398533,178772,138286,240297877,425955,-6185,-6838,-6360271,-27422.0,106081,174207,184881363,1078174,93990,198199,100119304,825030,12091,-23992,84762059,253144
2020/02/18,自營商,74658,370304,87895509,657262,75268,401331,86854855,752197,-610,-31027,1040654,-94935.0,59500,298341,52997992,971593,111015,301174,53575612,1118324,-51515,-2833,-577620,-146731
2020/02/18,投信,11913,54,20898176,32,11087,4,18951055,7,826,50,1947121,25.0,4787,90,6051101,201,25238,62,52509909,10,-20451,28,-46458808,191
2020/02/18,外資及陸資,197597,205833,267207734,606529,208679,206924,282032438,625427,-11082,-1091,-14824704,-18898.0,105743,179439,187490600,1118708,104734,204522,118450544,932302,1009,-25083,69040056,186406
2020/02/19,自營商,87372,574222,96629730,923549,84170,507278,93598404,768864,3202,66944,3031326,154685.0,38810,211344,36503737,641209,86161,143219,40459092,769919,-47351,68125,-3955355,-128710
2020/02/19,投信,655,130,1488041,122,225,128,468404,232,430,2,1019637,-110.0,4787,90,6124581,203,24812,60,52110637,234,-20025,30,-45986056,-31
2020/02/19,外資及陸資,178972,208793,229628070,604691,171240,206462,220899544,600236,7732,2331,8728526,4455.0,86291,64885,145600005,868677,68448,94230,67815809,605066,17843,-29345,77784196,263611
2020/02/20,自營商,39665,228313,43487571,652747,43855,249907,42050999,761674,-4190,-21594,1436572,-108927.0,39256,236792,36910248,695509,90527,190352,39462144,903819,-51271,46440,-2551896,-208310
2020/02/20,投信,24,0,56640,0,15,0,27000,0,9,0,29640,0.0,4804,90,6156564,225,24820,60,51909744,183,-20016,30,-45753180,42
2020/02/20,外資及陸資,157264,124108,186790460,502926,172520,125957,205187215,484119,-15256,-1849,-18396755,18807.0,79558,75660,131990848,914390,76971,106854,72806124,648999,2587,-31194,59184724,265391
2020/02/21,自營商,44199,284634,50113641,702809,48435,267576,54044797,713600,-4236,17058,-3931156,-10791.0,39558,269279,36105585,820734,95302,205633,42585614,987396,-55744,63646,-6480029,-166662
2020/02/21,投信,5,0,11690,0,529,0,948868,0,-524,0,-937178,0.0,4793,90,6113564,276,25333,60,52605609,153,-20540,30,-46492045,123
2020/02/21,外資及陸資,182572,164141,228044983,601196,180979,167910,225908627,580941,1593,-3769,2136356,20255.0,82139,87880,133973422,974550,77983,122843,72874056,714651,4156,-34963,61099366,259899
2020/02/24,自營商,50975,322769,50489899,907819,52150,336164,52367864,859764,-1175,-13395,-1877965,48055.0,39110,286105,34878549,1107867,96209,235744,43188193,1112712,-57099,50361,-8309644,-4845
2020/02/24,投信,411,0,941256,0,428,0,985324,0,-17,0,-44068,0.0,4968,90,6434643,482,25525,60,52370974,84,-20557,30,-45936331,398
2020/02/24,外資及陸資,192243,179619,229287576,686783,197154,188390,230988786,769279,-4911,-8771,-1701210,-82496.0,85589,94287,139219804,1036024,86365,138021,80608290,932800,-776,-43734,58611514,103224
2020/02/25,自營商,59463,449237,68640773,1184561,61224,458085,65802665,1177410,-1761,-8848,2838108,7151.0,41301,303474,36854510,1085135,100173,261852,42370119,1128540,-58872,41622,-5515609,-43405
2020/02/25,投信,208,0,480077,0,1252,0,599639,0,-1044,0,-119562,0.0,4920,90,6339474,344,26521,60,52517872,96,-21601,30,-46178398,248
2020/02/25,外資及陸資,248703,272039,305255842,976203,245662,271070,302653025,971075,3041,969,2602817,5128.0,88297,101308,143416114,1041402,86104,144073,81982829,894831,2193,-42765,61433285,146571
2020/02/26,自營商,65417,603753,75836784,1239014,66825,598228,75058388,1177445,-1408,5525,778396,61569.0,40817,259631,35656728,1353348,101421,198151,40454679,1211862,-60604,61480,-4797951,141486
2020/02/26,投信,527,60,1203915,146,335,61,760093,130,192,-1,443822,16.0,4941,89,6329155,512,26350,60,51537590,66,-21409,29,-45208435,446
2020/02/26,外資及陸資,265194,324540,334873984,891921,278014,343220,348981558,1056568,-12820,-18680,-14107574,-164647.0,85598,80392,137110291,1089199,89777,139316,90384657,1176887,-4179,-58924,46725634,-87688
2020/02/27,自營商,61777,356729,62187826,1473984,66095,348884,67629018,1360432,-4318,7845,-5441192,113552.0,43745,317871,36183029,1969752,108829,248637,46248610,1564444,-65084,69234,-10065581,405308
2020/02/27,投信,966,0,664484,0,470,0,1060836,0,496,0,-396352,0.0,4991,89,6364930,803,25904,60,51378031,42,-20913,29,-45013101,761
2020/02/27,外資及陸資,312646,188872,374451508,965484,313003,194376,377297416,1074443,-357,-5504,-2845908,-108959.0,86890,97348,136185709,1255560,91426,161776,92763783,1583452,-4536,-64428,43421926,-327892
2020/03/02,自營商,70644,404079,74039071,1652007,72381,438984,73366980,1690151,-1737,-34905,672091,-38144.0,45217,326206,38414823,2112365,112140,291988,47747857,1634450,-66923,34218,-9333034,477915
2020/03/02,投信,175,0,380538,0,23,0,51502,0,152,0,329036,0.0,5159,89,6672906,897,25920,60,50945922,36,-20761,29,-44273016,861
2020/03/02,外資及陸資,374593,258665,463368009,1310046,382338,277155,470557846,1446116,-7745,-18490,-7189837,-136070.0,89940,109835,139411010,1334483,102204,192606,103582092,1869534,-12264,-82771,35828918,-535051
2020/03/03,自營商,66748,493965,68569296,1212803,66262,452863,71481327,1127696,486,41102,-2912031,85107.0,46920,368253,37250141,1879550,113351,292894,49629748,1440784,-66431,75359,-12379607,438766
2020/03/03,投信,215,3,466562,1,323,0,730937,0,-108,3,-264375,1.0,5264,89,6988095,456,26133,57,52106395,22,-20869,32,-45118300,434
2020/03/03,外資及陸資,322379,250594,405139297,973267,314906,253042,392486406,984647,7473,-2448,12652891,-11380.0,89762,121607,142086400,1294035,94546,206826,93177959,1661191,-4784,-85219,48908441,-367156
2020/03/04,自營商,71004,540440,75554286,974649,62988,533585,69135723,967121,8016,6855,6418563,7528.0,49475,317828,39330949,1776553,107942,233326,45358918,1379132,-58467,84502,-6027969,397421
2020/03/04,投信,37,113,84031,167,2716,60,6165390,1,-2679,53,-6081359,166.0,5283,85,7057792,490,28831,0,58417234,0,-23548,85,-51359442,490
2020/03/04,外資及陸資,283434,249227,350406385,649415,276588,260529,339987149,684594,6846,-11302,10419236,-35179.0,94801,97531,149240369,1250317,89725,191700,89726994,1601277,5076,-94169,59513375,-350960
2020/03/05,自營商,45183,249235,45518959,731326,42364,233521,42608003,649213,2819,15714,2910956,82113.0,52647,359417,43345816,1519163,108256,259266,46553747,1269556,-55609,100151,-3207931,249607
2020/03/05,投信,541,0,332289,0,1438,0,3303678,0,-897,0,-2971389,0.0,5477,85,7222816,254,29922,0,62150670,0,-24445,85,-54927854,254
2020/03/05,外資及陸資,188923,104482,225195781,408819,182658,107184,217098643,433704,6265,-2702,8097138,-24885.0,102010,113442,163398311,1221255,90684,210313,95149541,1358963,11326,-96871,68248770,-137708
2020/03/06,自營商,53088,308072,57780863,996195,56878,330563,60513695,1038460,-3790,-22491,-2732832,-42265.0,55434,380429,47055019,2151459,115448,302784,52856186,1536342,-60014,77645,-5801167,615117
2020/03/06,投信,299,0,43158,0,986,0,2221933,0,-687,0,-2178775,0.0,5490,85,7002346,600,30622,0,63036739,0,-25132,85,-56034393,600
2020/03/06,外資及陸資,213043,149923,265049347,626697,233485,163366,287252605,714563,-20442,-13443,-22203258,-87866.0,91698,132535,142890475,1368292,97808,242849,98065847,2037797,-6110,-110314,44824628,-669505
2020/03/09,自營商,82674,464655,82824793,2008960,85376,472906,90117786,1904697,-2702,-8251,-7292993,104263.0,59913,414059,47275756,3625455,122470,344787,60057947,2225067,-62557,69272,-12782191,1400388
2020/03/09,投信,1644,15,1352750,109,2824,15,6179480,379,-1180,0,-4826730,-270.0,7083,85,8030574,1086,33395,0,67333192,0,-26312,85,-59302618,1086
2020/03/09,外資及陸資,373395,245208,455950136,1285893,360556,235242,434981903,1259005,12839,9966,20968233,26888.0,98984,139748,151550879,1739184,94955,240096,86967274,3264727,4029,-100348,64583605,-1525543
2020/03/10,自營商,103470,618337,105495522,2194287,96575,684555,96357910,2477369,6895,-66218,9137612,-283082.0,64664,410951,52967109,3329326,121319,408049,56721847,2356729,-56655,2902,-3754738,972597
2020/03/10,投信,108,7,217553,35,381,7,833462,189,-273,0,-615909,-154.0,6973,85,7831098,647,33558,0,67903612,0,-26585,85,-60072514,647
2020/03/10,外資及陸資,417212,291305,466253899,1486172,432041,285997,489932054,1303167,-14829,5308,-23678155,183005.0,94895,152969,141186771,1848051,103016,248009,100212125,2980691,-8121,-95040,40974646,-1132640
2020/03/11,自營商,84582,624993,84768375,1415963,83420,647865,87844226,1548719,1162,-22872,-3075851,-132756.0,72456,342662,55087047,3732374,127868,283077,61579882,2358336,-55412,59585,-6492835,1374038
2020/03/11,投信,70,60,136700,338,1041,60,2252555,386,-971,0,-2115855,-48.0,6957,85,7680144,759,34513,0,69013582,0,-27556,85,-61333438,759
2020/03/11,外資及陸資,346204,341023,412302711,1097220,343144,326752,402981896,1023311,3060,14271,9320815,73909.0,95460,133694,143639879,2032783,101065,226386,94150817,3429803,-5605,-92692,49489062,-1397020
2020/03/12,自營商,139370,467826,130446294,2834378,136383,489852,136643623,2712503,2987,-22026,-6197329,121875.0,82261,366428,58677047,6166328,134656,328943,70912847,3433046,-52395,37485,-12235800,2733282
2020/03/12,投信,37,15,73056,309,3360,74,6938574,1160,-3323,-59,-6865518,-851.0,6957,86,7359025,1789,37836,60,72977938,660,-30879,26,-65618913,1129
2020/03/12,外資及陸資,564859,205226,614973897,1516450,553091,214976,599978793,1504106,11768,-9750,14995104,12344.0,109439,145511,160616207,2748346,103261,247953,97932385,5561037,6178,-102442,62683822,-2812691
2020/03/13,自營商,153685,572390,143185184,5356195,146634,623435,142193399,5200827,7051,-51045,991785,155368.0,88256,370325,62555284,8970772,132166,383849,73381402,4924612,-43910,-13524,-10826118,4046160
2020/03/13,投信,5464,7,9791152,188,9263,7,14820877,411,-3799,0,-5029725,-223.0,5703,86,7117110,2906,40381,60,75708145,435,-34678,26,-68591035,2471
2020/03/13,外資及陸資,683026,206816,728210201,2130821,675740,207111,719784630,2067588,7286,-295,8425571,63233.0,125791,163678,185872665,3610920,112297,266415,115943584,8017970,13494,-102737,69929081,-4407050
2020/03/16,自營商,127575,457748,108649831,2758342,122306,471743,108221909,2719804,5269,-13995,427922,38538.0,95014,382801,66224656,12087012,133193,410441,76369414,6172771,-38179,-27640,-10144758,5914241
2020/03/16,投信,25426,1,47449371,6,26998,3,50029979,142,-1572,-2,-2580608,-136.0,5674,83,6727575,4030,41924,59,75437212,283,-36250,24,-68709637,3747
2020/03/16,外資及陸資,597098,201744,652596965,1614362,594387,189966,647126020,1490005,2711,11778,5470945,124357.0,124272,184505,176513820,4532042,104697,275464,102881061,10832837,19575,-90959,73632759,-6300795
2020/03/17,自營商,162223,597853,130484580,4874332,165467,632381,136182154,5678721,-3244,-34528,-5697574,-804389.0,93286,396374,63527424,15610734,134592,458615,79187874,8688695,-41306,-62241,-15660450,6922039
2020/03/17,投信,15371,2,23027952,9,16501,3,24958149,186,-1130,-1,-1930197,-177.0,6277,80,7543194,5034,43657,57,75623570,202,-37380,23,-68080376,4832
2020/03/17,外資及陸資,646290,220084,641595297,2461593,642374,211270,634373834,1689609,3916,8814,7221463,771984.0,127469,206506,173457639,6051516,103983,288677,95122386,13610947,23486,-82171,78335253,-7559431
2020/03/18,自營商,120132,757350,93804410,3000657,128261,755863,114057954,3871313,-8129,1487,-20253544,-870656.0,61628,207403,49130491,13133567,93935,172458,55987069,7547871,-32307,34945,-6856578,5585696
2020/03/18,投信,2574,75,4551506,1101,440,66,784550,4389,2134,9,3766956,-3288.0,6531,87,7683553,2386,41790,55,69908601,77,-35259,32,-62225048,2309
2020/03/18,外資及陸資,534265,372242,523555390,2487143,516540,356253,492786761,1505691,17725,15989,30768629,981452.0,89747,94586,118696123,4239603,70870,137380,43706914,9601754,18877,-42794,74989209,-5362151
2020/03/19,自營商,108650,155880,79670401,2112905,105125,167130,84289127,2416235,3525,-11250,-4618726,-303330.0,67720,218724,47763269,17602820,96436,194957,58587095,10648022,-28716,23767,-10823826,6954798
2020/03/19,投信,511,64,843038,352,5220,8,8728392,594,-4709,56,-7885354,-242.0,6924,88,7892949,3794,46892,0,74065088,0,-39968,88,-66172139,3794
2020/03/19,外資及陸資,621712,79455,549955663,1297335,610651,75475,533891845,1095851,11061,3980,16063818,201484.0,101995,109297,126786009,5733740,72132,148111,40611080,12494725,29863,-38814,86174929,-6760985
2020/03/20,自營商,87701,247469,68794983,2144553,83950,250192,69561299,2117127,3751,-2723,-766316,27426.0,67539,250402,48653785,12768955,92885,229009,61023668,7684053,-25346,21393,-12369883,5084902
2020/03/20,投信,6617,0,11993759,0,90,0,162598,0,6527,0,11831161,0.0,7159,88,8949231,1657,40600,0,68771172,0,-33441,88,-59821941,1657
2020/03/20,外資及陸資,547095,97270,495552902,1004137,542265,88641,496423308,980352,4830,8629,-870406,23785.0,111472,133100,139162532,4396895,76827,163285,46463458,9187860,34645,-30185,92699074,-4790965
2020/03/23,自營商,58684,238229,45828255,2143596,55590,249038,45108269,2122096,3094,-10809,719986,21500.0,71967,258403,49237467,15280423,94075,247711,60332237,9247735,-22108,10692,-11094770,6032688
2020/03/23,投信,219,0,383789,0,4899,0,8479526,0,-4680,0,-8095737,0.0,7054,88,8387161,2473,45175,0,73826438,0,-38121,88,-65439277,2473
2020/03/23,外資及陸資,446123,123044,404673829,1111013,444981,121691,396570879,1123825,1142,1353,8102950,-12812.0,114956,143094,139347291,5123235,75260,171841,42291058,10934536,39696,-28747,97056233,-5811301
2020/03/24,自營商,70265,360309,58743111,1620612,69096,341298,58129600,1644528,1169,19011,613511,-23916.0,72317,293575,49878836,11566443,93223,263890,61081053,6932173,-20906,29685,-11202217,4634270
2020/03/24,投信,3452,0,6319010,0,135,0,246920,0,3317,0,6072090,0.0,7160,88,9062419,732,41964,0,72400172,0,-34804,88,-63337753,732
2020/03/24,外資及陸資,442916,192957,411868097,1164520,446500,187914,418965205,1098260,-3584,5043,-7097108,66260.0,111937,151334,139848719,3923034,75826,175038,44027466,8268631,36111,-23704,95821253,-4345597
2020/03/25,自營商,83768,586315,81346097,2333836,74135,539733,67556564,2913158,9633,46582,13789533,-579322.0,72870,246749,50772789,9548394,84135,226158,48646160,6318329,-11265,20591,2126629,3230065
2020/03/25,投信,1935,55,3677330,530,250,460,463701,6284,1685,-405,3213629,-5754.0,7111,83,9341122,786,40230,400,72148353,5940,-33119,-317,-62807231,-5154
2020/03/25,外資及陸資,376492,247821,369567583,1668343,377766,235160,378773076,1019592,-1274,12661,-9205493,648751.0,107038,150340,137376456,3415353,77683,154171,46723211,6349387,29355,-3831,90653245,-2934034
2020/03/26,自營商,72055,218413,64600786,1861652,70991,229744,62061183,2610451,1064,-11331,2539603,-748799.0,76188,275303,51491170,9551052,86029,266093,46856141,7114449,-9841,9210,4635029,2436603
2020/03/26,投信,358,0,577623,0,397,0,747241,0,-39,0,-169618,0.0,7043,83,9154613,692,40201,400,72423569,5700,-33158,-317,-63268956,-5008
2020/03/26,外資及陸資,451591,101028,436773114,1573029,453521,89653,441004574,812527,-1930,11375,-4231460,760502.0,101822,165486,134280533,3771915,79830,157942,47350722,5907180,21992,7544,86929811,-2135265
2020/03/27,自營商,58382,229695,49101872,2352420,56240,216084,50573181,2244224,2142,13611,-1471309,108196.0,80309,293312,52765214,9771646,88038,270585,49594175,7200117,-7729,22727,3171039,2571529
2020/03/27,投信,1316,0,2526705,0,665,200,1278704,3017,651,-200,1248001,-3017.0,7124,83,9261868,716,39631,600,70937851,9480,-32507,-517,-61675983,-8764
2020/03/27,外資及陸資,361994,77183,365059638,618132,362595,82147,362870056,655827,-601,-4964,2189582,-37695.0,101972,168742,134871032,3780379,80581,166162,46158533,5974760,21391,2580,88712499,-2194381
2020/03/30,自營商,58042,298396,43857680,4232905,55932,311382,42042341,4264410,2110,-12986,1815339,-31505.0,82825,301115,54079853,9800608,88219,291293,49123165,7269113,-5394,9822,4956688,2531495
2020/03/30,投信,189,0,357280,0,1096,0,2087628,0,-907,0,-1730348,0.0,7123,83,9233913,496,40537,600,72555207,8250,-33414,-517,-63321294,-7754
2020/03/30,外資及陸資,317139,109549,305760314,732136,318571,108183,305494902,756350,-1432,1366,265412,-24214.0,103914,181230,136305706,3733449,83971,177284,47372782,5971378,19943,3946,88932924,-2237929
2020/03/31,自營商,48331,281589,37757469,933286,43881,275337,37838966,859849,4450,6252,-81497,73437.0,86985,318148,55296662,9314542,87797,302052,50426149,6778063,-812,16096,4870513,2536479
2020/03/31,投信,94,0,178962,0,106,0,201468,0,-12,0,-22506,0.0,7048,83,9123484,358,40474,600,72653180,7890,-33426,-517,-63529696,-7532
2020/03/31,外資及陸資,265266,142167,249333560,653689,263771,140818,246933612,662743,1495,1349,2399948,-9054.0,106037,186857,140467662,3657995,84599,181562,48805279,5861101,21438,5295,91662383,-2203106
2020/04/01,自營商,48472,323652,40181495,858194,49932,334180,40340907,822009,-1460,-10528,-159412,36185.0,86113,270898,53351054,9193020,88410,254587,48662794,6596190,-2297,16311,4688260,2596830
2020/04/01,投信,30,65,57341,493,1316,57,2511606,62,-1286,8,-2454265,431.0,6712,91,8443167,795,41424,600,74156341,7200,-34712,-509,-65713174,-6405
2020/04/01,外資及陸資,219264,149449,214931115,508912,216996,136571,209055507,483654,2268,12878,5875608,25258.0,107817,188535,143884028,3567142,83879,170567,46760569,5803046,23938,17968,97123459,-2235904
2020/04/06,自營商,50571,282451,41075182,1013091,53008,287932,40375137,1009108,-2437,-5481,700045,3983.0,86832,298508,56093345,7189967,91557,287673,50600112,5028026,-4725,10835,5493233,2161941
2020/04/06,投信,1135,600,2226831,3285,54,0,102722,0,1081,600,2124109,3285.0,6741,91,8735786,138,40372,0,74161397,0,-33631,91,-65425611,138
2020/04/06,外資及陸資,258416,110336,243255357,544750,262020,117547,252627991,562049,-3604,-7211,-9372634,-17299.0,104506,187365,141736166,2861020,84172,176608,51481465,4847071,20334,10757,90254701,-1986051
2020/04/07,自營商,50408,329061,40252675,924524,50598,313033,41698796,864930,-190,16028,-1446121,59594.0,90048,324397,57726095,6430950,94846,297516,53592006,4436474,-4798,26881,4134089,1994476
2020/04/07,投信,2112,0,4214644,0,98,0,195894,0,2014,0,4018750,0.0,6787,91,8981314,59,38404,0,71542627,0,-31617,91,-62561313,59
2020/04/07,外資及陸資,227291,107966,222579562,450559,225877,108797,221710875,414456,1414,-831,868687,36103.0,107106,190086,145791157,2726217,85359,180154,53014757,4459230,21747,9932,92776400,-1733013
2020/04/08,自營商,68376,497366,59680853,1141882,65244,481617,55531035,1157083,3132,15749,4149818,-15201.0,91996,288337,60517239,5891814,93164,265161,52189026,4079086,-1168,23176,8328213,1812728
2020/04/08,投信,691,64,1393523,290,90,123,180953,596,601,-59,1212570,-306.0,6896,90,9300873,316,37912,58,71429764,624,-31016,32,-62128891,-308
2020/04/08,外資及陸資,255444,210841,257203584,672958,266021,222086,268637418,682278,-10577,-11245,-11433834,-9320.0,101546,166066,146054515,2607659,91395,174011,63566747,4262569,10151,-7945,82487768,-1654910
2020/04/09,自營商,57003,212565,48058758,846897,53484,210915,47608225,823694,3519,1650,450533,23203.0,96180,301593,65727747,5998538,93826,276784,57040448,4120730,2354,24809,8687299,1877808
2020/04/09,投信,1019,8,2038482,140,1710,10,3426760,13,-691,-2,-1388278,127.0,6890,89,9250070,407,38597,59,72624778,590,-31707,30,-63374708,-183
2020/04/09,外資及陸資,251007,86766,248309155,453546,250052,91248,244485954,470052,955,-4482,3823201,-16506.0,106717,170458,152762078,2587610,95611,182885,66579626,4309022,11106,-12427,86182452,-1721412
2020/04/10,自營商,44404,137760,35558954,497518,44108,140365,36987839,557240,296,-2605,-1428885,-59722.0,98463,312072,69346684,5765711,95897,289817,62159267,4009112,2566,22255,7187417,1756599
2020/04/10,投信,4037,5,7165171,81,4218,5,7482353,10,-181,0,-317182,71.0,6884,90,9258869,348,38772,60,73151016,567,-31888,30,-63892147,-219
2020/04/10,外資及陸資,166170,67158,168170317,422542,162883,63682,163681089,357975,3287,3476,4489228,64567.0,109627,175902,156374958,2552442,95339,184853,65363070,4170033,14288,-8951,91011888,-1617591
2020/04/13,自營商,50872,179757,43758965,512795,50161,176752,42707811,511631,711,3005,1051154,1164.0,100873,321638,71549333,6048309,97839,296375,63453047,4207393,3034,25263,8096286,1840916
2020/04/13,投信,21235,7,40531793,117,24037,7,45760177,1,-2802,0,-5228384,116.0,6891,90,9171971,484,41581,60,77845828,444,-34690,30,-68673857,40
2020/04/13,外資及陸資,165310,56190,181986652,273024,168373,60657,180918714,257709,-3063,-4467,1067938,15315.0,105884,173131,148214137,2567342,92265,186549,56624509,4258269,13619,-13418,91589628,-1690927
2020/04/14,自營商,64713,373346,65228809,915354,66331,354948,62198580,819346,-1618,18398,3030229,96008.0,101357,357429,73489268,5016698,99890,313740,61995610,3385305,1467,43689,11493658,1631393
2020/04/14,投信,17613,3,29515757,35,17081,3,28231436,0,532,0,1284321,35.0,6753,90,9119383,239,40911,60,78594407,714,-34158,30,-69475024,-475
2020/04/14,外資及陸資,228294,110374,247265451,436422,226269,112858,253634041,439467,2025,-2484,-6368590,-3045.0,110353,177518,152611851,2421646,94751,193420,64728213,3813840,15602,-15902,87883638,-1392194
2020/04/15,自營商,71581,407192,62770120,842056,63893,393298,57671125,888103,7688,13894,5098995,-46047.0,72485,212329,55081162,3531333,56880,211974,33600291,2550455,15605,355,21480871,980878
2020/04/15,投信,1413,65,2930629,296,638,67,1317156,1,775,-2,1613473,295.0,6779,88,9217505,523,40162,60,77495692,756,-33383,28,-68278187,-233
2020/04/15,外資及陸資,178755,184947,176183494,650740,191918,182454,187126266,583978,-13163,2493,-10942772,66762.0,83129,97680,115705638,1652178,79321,76990,46792928,2448651,3808,20690,68912710,-796473
2020/04/16,自營商,38186,152991,30379947,705438,35995,152866,31472182,673782,2191,125,-1092235,31656.0,75457,232473,55430120,3733810,57655,231942,35077680,2698847,17802,531,20352440,1034963
2020/04/16,投信,43,0,86976,0,498,0,1025679,0,-455,0,-938703,0.0,6774,88,9184986,494,40612,60,78240931,720,-33838,28,-69055945,-226
2020/04/16,外資及陸資,197879,65882,192489470,388826,201855,68781,192416174,419990,-3976,-2899,73296,-31164.0,89142,106462,121655519,1705691,89310,88671,52894424,2551499,-168,17791,68761095,-845808
2020/04/17,自營商,62726,298648,54494025,1311048,54887,288257,51241970,1195738,7839,10391,3252055,115310.0,83662,256179,60751151,3348206,58036,245260,36573149,2440872,25626,10919,24178002,907334
2020/04/17,投信,1795,0,3793758,0,418,0,885044,0,1377,0,2908714,0.0,6780,88,9433619,243,39241,60,77359398,1191,-32461,28,-67925779,-948
2020/04/17,外資及陸資,263617,122100,262159097,624737,275030,126891,271094647,671132,-11413,-4791,-8935550,-46395.0,84046,109995,121609417,1705683,95633,96995,59990087,2371708,-11587,13000,61619330,-666025
2020/04/20,自營商,34429,167646,28916111,559407,35588,178875,26202195,616559,-1159,-11229,2713916,-57152.0,84121,261645,62271867,3482853,59672,261942,35579440,2561167,24449,-297,26692427,921686
2020/04/20,投信,1,0,525,0,521,0,1066316,0,-520,0,-1065791,0.0,6513,88,8823723,253,39494,60,77246377,1005,-32981,28,-68422654,-752
2020/04/20,外資及陸資,169976,76211,169606967,358582,179738,80547,178422091,385436,-9762,-4336,-8815124,-26854.0,82647,113386,119141082,1695992,103987,104722,66889212,2458855,-21340,8664,52251870,-762863
2020/04/21,自營商,59793,384020,50865953,1218946,54919,393615,51863876,1211629,4874,-9595,-997923,7317.0,91851,279542,63969363,4567607,62633,289388,39034597,3393630,29218,-9846,24934766,1173977
2020/04/21,投信,9,0,18360,0,2833,0,5778425,0,-2824,0,-5760065,0.0,6441,88,8446399,527,42245,60,80792417,645,-35804,28,-72346018,-118
2020/04/21,外資及陸資,287253,153382,303445332,729660,282968,157987,285373565,769209,4285,-4605,18071767,-39549.0,91910,113847,133821636,1848768,108965,109788,64744159,2881435,-17055,4059,69077477,-1032667
2020/04/22,自營商,43306,432849,39147518,1087723,44777,428982,41128570,1078712,-1471,3867,-1981052,9011.0,91232,240558,59685410,4438079,63382,230214,36661797,3279785,27850,10344,23023613,1158294
2020/04/22,投信,518,59,1050922,277,644,59,1306479,4,-126,0,-255557,273.0,6431,88,8452624,583,42361,60,81223753,672,-35930,28,-72771129,-89
2020/04/22,外資及陸資,252214,190203,248733551,654882,256745,192676,256859863,700968,-4531,-2473,-8126312,-46086.0,92134,112730,132541368,1864834,113766,106462,71654608,2882151,-21632,6268,60886760,-1017317
2020/04/23,自營商,43655,201482,41482549,873277,39395,208475,39060623,876444,4260,-6993,2421926,-3167.0,95181,255156,62143384,4115415,63416,251830,36584659,3036754,31765,3326,25558725,1078661
2020/04/23,投信,761,0,1566508,0,19,0,39191,0,742,0,1527317,0.0,6456,88,8558304,398,41644,60,80301209,702,-35188,28,-71742905,-304
2020/04/23,外資及陸資,245568,74827,252892972,420380,242829,73285,248209474,417392,2739,1542,4683498,2988.0,94757,117900,135454412,1787029,113650,110090,69385381,2744247,-18893,7810,66069031,-957218
2020/04/24,自營商,24018,143040,21686797,549533,27002,133829,24225972,503671,-2984,9211,-2539175,45862.0,93944,267254,60696127,4091202,65247,254708,37747686,2954073,28697,12546,22948441,1137129
2020/04/24,投信,426,0,874964,0,29,0,59496,0,397,0,815468,0.0,6452,88,8527671,381,41243,60,79286148,630,-34791,28,-70758477,-249
2020/04/24,外資及陸資,197137,72103,195822705,354236,197048,69886,194065680,347885,89,2217,1757025,6351.0,96041,125381,136935385,1781653,114848,115354,69261758,2757955,-18807,10027,67673627,-976302
2020/04/27,自營商,35953,256811,36434832,811255,42321,246868,38944542,760756,-6368,9943,-2509710,50499.0,91882,282633,61606626,3353112,69823,260143,40495091,2395179,22059,22490,21111535,957933
2020/04/27,投信,1934,0,4080308,0,1073,0,234096,0,861,0,3846212,0.0,6397,88,8631009,163,40327,60,77452150,1047,-33930,28,-68821141,-884
2020/04/27,外資及陸資,200140,104052,203281657,455265,195599,98905,205062836,436810,4541,5147,-1781179,18455.0,101787,137427,145747928,1713869,116050,122253,78108206,2468158,-14263,15174,67639722,-754289
2020/04/28,自營商,33023,219522,27913077,524144,33751,213257,28640830,517012,-728,6265,-727753,7132.0,92297,295087,60845632,3230674,70813,266349,40391749,2302367,21484,28738,20453883,928307
2020/04/28,投信,216,0,397605,0,230,0,486797,0,-14,0,-89192,0.0,6468,88,8751976,132,40432,60,77942698,1080,-33964,28,-69190722,-948
2020/04/28,外資及陸資,182513,96617,182759042,377107,182204,99203,182254436,383414,309,-2586,504606,-6307.0,98019,139912,145433424,1675432,114769,127324,77022658,2413238,-16750,12588,68410766,-737806
2020/04/29,自營商,40260,394562,40584125,943991,42812,355539,42348699,844464,-2552,39023,-1764574,99527.0,91893,265839,61509780,2977353,72202,237549,42101422,2039962,19691,28290,19408358,937391
2020/04/29,投信,1149,85,2462180,863,210,87,448124,151,939,-2,2014056,712.0,6456,84,8824146,265,39481,58,76826079,798,-33025,26,-68001933,-533
2020/04/29,外資及陸資,186375,135131,191782200,466479,182520,136765,186843571,459761,3855,-1634,4938629,6718.0,100323,133577,148891280,1678007,113189,122721,74687788,2330901,-12866,10856,74203492,-652894
2020/04/30,自營商,35317,193953,36851155,869978,36564,187314,35228279,844747,-1247,6639,1622876,25231.0,92636,287654,63647734,3035404,74423,252738,42172396,2184752,18213,34916,21475338,850652
2020/04/30,投信,1322,15,2891656,479,443,14,965197,76,879,1,1926459,403.0,6369,84,8824118,109,38515,57,76414677,830,-32146,27,-67590559,-721
2020/04/30,外資及陸資,177869,77774,186162922,437240,176362,87715,189456389,515139,1507,-9941,-3293467,-77899.0,102390,135850,149728138,1916151,113761,134935,77150388,2466667,-11371,915,72577750,-550516
2020/05/04,自營商,43117,248224,41218616,1008526,42989,265977,43435732,1054492,128,-17753,-2217116,-45966.0,93112,295828,61862836,3689552,74642,278572,43246771,2697192,18470,17256,18616065,992360
2020/05/04,投信,87,0,185029,0,2751,0,5842155,0,-2664,0,-5657126,0.0,6271,84,8335603,324,41081,57,79503375,453,-34810,27,-71167772,-129
2020/05/04,外資及陸資,224525,117734,245477739,622330,236006,124348,251145083,677732,-11481,-6614,-5667344,-55402.0,96260,145461,140516147,1939254,119115,151160,75667534,2773730,-22855,-5699,64848613,-834476
2020/05/05,自營商,37365,260548,38846462,792092,36459,266023,38361159,779043,906,-5475,485303,13049.0,93805,307156,63571245,3276491,74786,295373,44294610,2370541,19019,11783,19276635,905950
2020/05/05,投信,46,0,98655,0,1262,0,2705024,0,-1216,0,-2606369,0.0,6300,84,8481145,116,42326,57,82978290,512,-36026,27,-74497145,-396
2020/05/05,外資及陸資,180863,113942,189573145,503677,183307,111776,189418312,494502,-2444,2166,154833,9175.0,95408,145648,138901604,1845337,117113,149181,73230064,2564158,-21705,-3533,65671540,-718821
2020/05/06,自營商,40280,363205,40839628,789050,39570,365631,40378986,806239,710,-2426,460642,-17189.0,94833,273948,63505568,3140690,74924,257652,43609597,2270239,19909,16296,19895971,870451
2020/05/06,投信,1004,64,84457,378,1814,55,3897888,1,-810,9,-3813431,377.0,6286,85,8487814,237,43122,49,86999096,336,-36836,36,-78511282,-99
2020/05/06,外資及陸資,187299,168500,201053934,514297,181969,167345,191626968,492679,5330,1155,9426966,21618.0,97589,142542,143663999,1826931,113974,140195,68383526,2519916,-16385,2347,75280473,-692985
2020/05/07,自營商,36665,169677,36722524,664946,37258,163233,34899922,635185,-593,6444,1822602,29761.0,95146,294201,65215233,2957303,75956,271455,43360097,2125569,19190,22746,21855136,831734
2020/05/07,投信,87,0,188256,0,294,0,636547,0,-207,0,-448291,0.0,6316,85,8617638,126,43359,49,88188700,366,-37043,36,-79571062,-240
2020/05/07,外資及陸資,185160,62078,193091489,308269,186717,68936,197920099,345457,-1557,-6858,-4828610,-37188.0,98932,147963,145114051,1782835,116874,152474,74078491,2463349,-17942,-4511,71035560,-680514
2020/05/08,自營商,28211,161452,26679434,524500,30438,157979,27528454,514087,-2227,3473,-849020,10413.0,95316,302404,65332882,2780995,78305,276171,44242027,1985251,17011,26233,21090855,795744
2020/05/08,投信,239,0,520699,0,310,0,676322,0,-71,0,-155623,0.0,6317,85,8668450,71,43431,49,88836827,395,-37114,36,-80168377,-324
2020/05/08,外資及陸資,173013,69182,180362555,305852,175380,71213,182536777,310528,-2367,-2031,-2174222,-4676.0,100024,153040,147673479,1760267,120333,159582,78353200,2409993,-20309,-6542,69320279,-649726
2020/05/11,自營商,34724,207372,29115034,545497,34698,198983,30211214,531025,26,8389,-1096180,14472.0,97003,319242,66234486,2639192,79957,284617,46079357,1891131,17046,34625,20155129,748061
2020/05/11,投信,1150,15,2528698,161,500,12,1092339,5,650,3,1436359,156.0,6326,84,8755300,53,42790,45,88141313,320,-36464,39,-79386013,-267
2020/05/11,外資及陸資,157385,85081,157685686,312758,156337,81409,158306095,307250,1048,3672,-620409,5508.0,102686,167013,151011673,1789665,121944,169883,81760299,2390357,-19258,-2870,69251374,-600692
2020/05/12,自營商,42967,285864,40684995,647607,41991,302254,39726116,699431,976,-16390,958879,-51824.0,97936,319989,65921253,2576874,79872,301655,45043487,1847731,18064,18334,20877766,729143
2020/05/12,投信,633,6,1375045,61,1781,5,3812115,2,-1148,1,-2437070,59.0,6228,83,8499862,67,43840,43,89474202,147,-37612,40,-80974340,-80
2020/05/12,外資及陸資,167838,136176,181757947,469490,168674,138338,179834942,470569,-836,-2162,1923005,-1079.0,104862,170499,152732858,1667346,124956,175531,82220633,2309060,-20094,-5032,70512225,-641714
2020/05/13,自營商,33128,324068,32946133,614835,33498,308099,33234149,551702,-370,15969,-288016,63133.0,98752,287525,65916977,2477628,80949,258580,45130859,1721325,17803,28945,20786118,756303
2020/05/13,投信,858,61,1868079,180,1076,74,2280850,98,-218,-13,-412771,82.0,6228,83,8534518,178,44058,56,90287781,224,-37830,27,-81753263,-46
2020/05/13,外資及陸資,167857,141524,178803835,390677,160084,146306,169580404,409492,7773,-4782,9223431,-18815.0,109951,157977,160244092,1637242,122315,168420,80204808,2275177,-12364,-10443,80039284,-637935
2020/05/14,自營商,40007,209685,41871115,688392,41249,215927,43390054,711671,-1242,-6242,-1518939,-23279.0,98895,295760,63988161,2675597,82382,273094,45034656,1859566,16513,22666,18953505,816031
2020/05/14,投信,1718,0,3713181,0,3925,0,8422078,0,-2207,0,-4708897,0.0,6199,83,8348492,349,46236,56,93574087,104,-40037,27,-85225595,245
2020/05/14,外資及陸資,215627,85663,233881953,438032,224249,89161,241896740,455559,-8622,-3498,-8014787,-17527.0,109776,164268,156012026,1637324,127159,178209,84966177,2383864,-17383,-13941,71045849,-746540
2020/05/15,自營商,48350,258167,46128329,812134,49540,256423,46104494,791081,-1190,1744,23835,21053.0,97454,316151,63610310,2580569,81939,291761,44509486,1796474,15515,24390,19100824,784095
2020/05/15,投信,9196,17,18579771,41,8718,4,17426241,1,478,13,1153530,40.0,6199,82,8395757,232,45756,42,93027336,111,-39557,40,-84631579,121
2020/05/15,外資及陸資,263922,118379,284301526,535189,251136,115710,274288925,522683,12786,2669,10012601,12506.0,115797,165129,161778297,1620139,120394,176401,80219617,2293221,-4597,-11272,81558680,-673082
2020/05/18,自營商,50264,228063,49589186,596380,53629,245551,48239762,654069,-3365,-17488,1349424,-57689.0,95883,323339,62840499,2588789,82905,316419,42469069,1829141,12978,6920,20371430,759648
2020/05/18,投信,21564,2,43042506,23,21765,16,43874866,80,-201,-14,-832360,-57.0,6672,81,8719079,233,46430,55,93737349,147,-39758,26,-85018270,86
2020/05/18,外資及陸資,252540,130412,286393044,541254,266317,138601,302220757,594154,-13777,-8189,-15827713,-52900.0,114769,163886,159991441,1566234,131912,183347,94654973,2303683,-17143,-19461,65336468,-737449
2020/05/19,自營商,60314,372972,60858113,819872,64751,352732,63791241,717686,-4437,20240,-2933128,102186.0,91689,333470,61330137,2399903,82797,306392,43654579,1622203,8892,27078,17675558,777700
2020/05/19,投信,16665,0,29509939,0,14826,0,25427151,0,1839,0,4082788,0.0,6677,81,8811975,65,44597,55,90563345,168,-37920,26,-81751370,-103
2020/05/19,外資及陸資,239285,141033,279613741,499872,230764,139576,273364193,495112,8521,1457,6249548,4760.0,117417,165430,158877159,1529561,126039,183434,86693673,2205744,-8622,-18004,72183486,-676183
2020/05/20,自營商,50965,329638,52568507,603658,49023,337206,50126763,581845,1942,-7568,2441744,21813.0,66202,211066,52073942,1762231,54877,205082,29816378,1130106,11325,5984,22257564,632125
2020/05/20,投信,260,104,563499,308,443,103,959410,131,-183,1,-395911,177.0,6394,81,8598871,334,43582,54,88814463,278,-37188,27,-80215592,56
2020/05/20,外資及陸資,176294,175878,193526877,482409,175870,173463,193133148,451940,424,2415,393729,30469.0,81391,90228,127367710,1119586,86372,93490,57492192,1618794,-4981,-3262,69875518,-499208
2020/05/21,自營商,29953,181659,34859412,653375,30910,176969,32008248,642320,-957,4690,2851164,11055.0,68894,238867,56618537,1674170,58526,228106,31304578,1115368,10368,10761,25313959,558802
2020/05/21,投信,1530,0,3353845,0,343,0,499008,0,1187,0,2854837,0.0,6234,81,8569104,203,42235,54,86692571,309,-36001,27,-78123467,-106
2020/05/21,外資及陸資,169800,95541,185822308,427918,168220,84224,187733845,363122,1580,11317,-1911537,64796.0,90327,110347,133735468,1142549,93728,102292,65084999,1521665,-3401,8055,68650469,-379116
2020/05/22,自營商,37851,242237,38430241,762290,34981,260250,37329291,851887,2870,-18013,1100950,-89597.0,74190,245055,58962103,2051090,60955,252256,33038220,1434337,13235,-7201,25923883,616753
2020/05/22,投信,22,0,47280,0,1611,0,3461061,0,-1589,0,-3413781,0.0,6244,81,8425452,429,43834,54,88472411,173,-37590,27,-80046959,256
2020/05/22,外資及陸資,193954,87457,223591058,385723,210529,104970,232955984,465474,-16575,-17513,-9364926,-79751.0,85435,112286,129513847,1225077,105399,121744,71297539,1798725,-19964,-9458,58216308,-573648
2020/05/25,自營商,32598,295387,31596978,789635,37824,287256,34493860,747561,-5226,8131,-2896882,42074.0,72146,264320,56734042,1876721,64302,263312,33509976,1264442,7844,1008,23224066,612279
2020/05/25,投信,2521,0,5458821,0,18,0,38726,0,2503,0,5420095,0.0,6255,81,8505034,239,41342,54,83708798,185,-35087,27,-75203764,54
2020/05/25,外資及陸資,200415,116229,209804988,460994,192494,120575,207399650,471962,7921,-4346,2405338,-10968.0,87154,120090,127336461,1168470,99197,133894,66273997,1686267,-12043,-13804,61062464,-517797
2020/05/26,自營商,33767,310513,34133094,755049,37901,289700,35720966,673858,-4134,20813,-1587872,81191.0,70362,282563,57334101,1738513,66619,260833,35369524,1150091,3743,21730,21964577,588422
2020/05/26,投信,1239,0,2721296,0,162,0,356295,0,1077,0,2365001,0.0,6297,81,8723093,139,40307,54,82693448,309,-34010,27,-73970355,-170
2020/05/26,外資及陸資,145437,113349,152915936,394387,135504,105001,145899791,382906,9933,8348,7016145,11481.0,96681,127196,137878104,1162430,98809,132652,68780376,1554130,-2128,-5456,69097728,-391700
2020/05/27,自營商,30577,320348,30636599,546565,31458,320485,30731389,570081,-881,-137,-94790,-23516.0,70467,242069,57409723,1631533,67455,229336,35452307,1069219,3012,12733,21957416,562314
2020/05/27,投信,11,54,24154,120,203,54,445707,1,-192,0,-421553,119.0,6305,81,8730001,263,40507,54,83048336,297,-34202,27,-74318335,-34
2020/05/27,外資及陸資,154172,136973,168141546,354958,155172,139647,169090938,365665,-1000,-2674,-949392,-10707.0,95903,123085,135322130,1148532,99184,127187,67376627,1565467,-3281,-4102,67945503,-416935
2020/05/28,自營商,36146,221375,31619145,670859,34498,221227,31891069,681563,1648,148,-271924,-10704.0,72361,262347,57148332,1763898,67674,249501,35592925,1174720,4687,12846,21555407,589178
2020/05/28,投信,25,0,54764,0,1449,0,943445,0,-1424,0,-888681,0.0,6286,81,8642624,328,41912,54,83423449,244,-35626,27,-74780825,84
2020/05/28,外資及陸資,206767,87427,230840703,381392,210154,88283,230872859,386719,-3387,-856,-32156,-5327.0,96290,128630,136223300,1177792,102958,133588,68611124,1632873,-6668,-4958,67612176,-455081
2020/05/29,自營商,31776,194297,31424722,597076,34399,197332,31188778,594421,-2623,-3035,235944,2655.0,72475,274732,58778626,1737412,70417,264926,36990168,1155725,2058,9806,21788458,581687
2020/05/29,投信,34,0,74090,0,84,0,99949,0,-50,0,-25859,0.0,6228,81,8604745,264,41904,54,83467605,235,-35676,27,-74862860,29
2020/05/29,外資及陸資,186196,94294,202387627,396890,180265,87430,196136414,372144,5931,6864,6251213,24746.0,101616,135846,141364571,1165314,102353,133940,67429098,1587753,-737,1906,73935473,-422439
2020/06/01,自營商,35508,238253,37924046,594604,39734,222660,41409425,546487,-4226,15593,-3485379,48117.0,72914,288146,59630246,1617068,75082,262869,41118853,1076681,-2168,25277,18511393,540387
2020/06/01,投信,1255,0,2660506,0,220,0,487256,0,1035,0,2173250,0.0,6329,81,8824994,104,40970,54,82454923,337,-34641,27,-73629929,-233
2020/06/01,外資及陸資,178785,96783,195412996,344871,174334,97479,192324396,353273,4451,-696,3088600,-8402.0,101505,145480,148490661,1169292,102591,144270,70568441,1510729,-1086,1210,77922220,-341437
2020/06/02,自營商,30018,240329,28886438,497427,31831,237186,28363950,509726,-1813,3143,522488,-12299.0,73302,306114,60543258,1583630,77301,277721,41417669,1088431,-3999,28393,19125589,495199
2020/06/02,投信,248,0,550937,0,39,0,77099,0,209,0,473838,0.0,6319,81,8854401,70,40751,54,82342739,371,-34432,27,-73488338,-301
2020/06/02,外資及陸資,152112,98491,153422317,332244,152050,100084,152199334,329713,62,-1593,1222983,2531.0,100045,147743,147240712,1175359,101084,148126,67808278,1478738,-1039,-383,79432434,-303379
2020/06/03,自營商,39584,407801,40720576,766428,43978,373972,42919889,760707,-4394,33829,-2199313,5721.0,73462,262127,62044695,1520136,81826,242793,44883713,1136686,-8364,19334,17160982,383450
2020/06/03,投信,758,54,1707282,105,127,54,286371,1,631,0,1420911,104.0,6246,81,8824446,130,40047,54,82063195,627,-33801,27,-73238749,-497
2020/06/03,外資及陸資,172766,151838,189380652,450101,163317,147746,181878852,449435,9449,4092,7501800,666.0,108673,143755,156862045,1296533,100266,134634,68499610,1484849,8407,9121,88362435,-188316
2020/06/04,自營商,33184,202787,34816932,681380,35314,206673,35899677,687796,-2130,-3886,-1082745,-6416.0,72209,275117,61763245,1558946,82808,259629,45546450,1225314,-10599,15488,16216795,333632
2020/06/04,投信,392,0,890644,0,0,0,0,0,392,0,890644,0.0,6270,81,8935988,75,39679,54,81776884,740,-33409,27,-72840896,-665
2020/06/04,外資及陸資,189170,88701,206507922,409362,195241,84875,212060517,416242,-6071,3826,-5552595,-6880.0,102351,153280,149968207,1384126,100042,140333,66559643,1529758,2309,12947,83408564,-145632
2020/06/05,自營商,29259,185930,29738880,550678,32231,179171,28997828,542503,-2972,6759,741052,8175.0,72282,291583,63397619,1589836,85904,269302,46241431,1311059,-13622,22281,17156188,278777
2020/06/05,投信,1321,31,3027769,476,17,2,38785,1,1304,29,2988984,475.0,6291,82,9061863,40,38396,26,79551028,436,-32105,56,-70489165,-396
2020/06/05,外資及陸資,158174,79473,169571095,336183,156013,77422,167634541,326925,2161,2051,1936554,9258.0,106701,160526,158485689,1500870,102231,145528,72402931,1582556,4470,14998,86082758,-81686
2020/06/08,自營商,43287,331004,43272601,837453,46235,331049,46044121,861114,-2948,-45,-2771520,-23661.0,70640,315637,63104526,1694190,87372,293458,48534475,1489717,-16732,22179,14570051,204473
2020/06/08,投信,963,25,2225764,322,354,13,819005,5,609,12,1406759,317.0,6266,81,9087290,45,37762,13,78874953,277,-31496,68,-69787663,-232
2020/06/08,外資及陸資,199558,131485,222063399,526587,205985,121457,230240859,502391,-6427,10028,-8177460,24196.0,103067,174884,155749231,1701423,105024,149858,76963422,1692955,-1957,25026,78785809,8468
2020/06/09,自營商,35358,249855,35615138,521107,34176,253604,34167092,591783,1182,-3749,1448046,-70676.0,71570,323903,64897004,1720506,87150,305480,48841594,1606086,-15580,18423,16055410,114420
2020/06/09,投信,16,12,37142,169,1050,6,2436724,2,-1034,6,-2399582,167.0,6241,80,9057896,44,38771,6,81461321,137,-32530,74,-72403425,-93
2020/06/09,外資及陸資,157960,110143,176476043,453664,155072,107706,171591317,385169,2888,2437,4884726,68495.0,107508,178494,164936939,1777316,106589,151031,80988133,1676235,919,27463,83948806,101081
2020/06/10,自營商,40421,359566,41044389,616740,38866,341855,38911843,617736,1555,17711,2132546,-996.0,72772,277675,66208181,1663759,86673,261703,47800558,1594537,-13901,15972,18407623,69222
2020/06/10,投信,278,60,639194,252,732,108,1710104,188,-454,-48,-1070910,64.0,6253,79,9146289,149,39237,53,83234415,253,-32984,26,-74088126,-104
2020/06/10,外資及陸資,160129,133467,176952618,533147,162086,137098,181818313,548153,-1957,-3631,-4865695,-15006.0,107065,170744,165543807,1875875,108085,148665,85727433,1746924,-1020,22079,79816374,128951
2020/06/11,自營商,50532,261123,49056923,736488,47779,266291,49961339,873440,2753,-5168,-904416,-136952.0,70947,285523,60545125,1477688,82047,274809,43353313,1446558,-11100,10714,17191812,31130
2020/06/11,投信,64,0,149809,0,3484,0,7912007,0,-3420,0,-7762198,0.0,6159,79,8868402,356,42563,53,89369478,138,-36404,26,-80501076,218
2020/06/11,外資及陸資,230926,102566,259037684,517497,233092,113162,253984736,511637,-2166,-10596,5052948,5860.0,107206,176071,168655021,1561209,110389,164588,85171101,1543535,-3183,11483,83483920,17674
2020/06/12,自營商,44399,244902,48120545,828075,46513,259908,46626613,875475,-2114,-15006,1493932,-47400.0,69278,292735,59245783,1510133,82396,297070,40749225,1495003,-13118,-4335,18496558,15130
2020/06/12,投信,9352,0,17633624,0,9783,0,20691161,0,-431,0,-3057537,0.0,6171,79,8757246,496,43006,53,91611818,115,-36835,26,-82854572,381
2020/06/12,外資及陸資,253474,130807,292901701,656317,262285,134554,308772855,683076,-8811,-3747,-15871154,-26759.0,104974,184430,164646472,1514078,116959,176694,97766468,1562062,-11985,7736,66880004,-47984
2020/06/15,自營商,51276,302022,56399086,876230,50880,296888,57321997,896280,396,5134,-922911,-20050.0,70635,308109,59941698,1505257,83471,307496,42668392,1456587,-12836,613,17273306,48670
2020/06/15,投信,22789,0,46616214,0,24570,0,49901916,0,-1781,0,-3285702,0.0,7630,79,9298943,799,46246,53,94182901,78,-38616,26,-84883958,721
2020/06/15,外資及陸資,324138,154633,394008822,744296,321419,154360,387239122,692695,2719,273,6769700,51601.0,108801,194220,163423868,1475735,113414,186211,90776869,1540185,-4613,8009,72646999,-64450
2020/06/16,自營商,57799,363721,63957749,851934,61950,333061,67096176,745943,-4151,30660,-3138427,105991.0,67612,341068,60351055,1557350,84296,309838,45694490,1433699,-16684,31230,14656565,123651
2020/06/16,投信,18128,0,34534804,0,16942,0,31418568,0,1186,0,3116236,0.0,6208,79,8806316,82,43638,53,92907944,141,-37430,26,-84101628,-59
2020/06/16,外資及陸資,288971,162716,352388857,645545,286108,167651,354416353,666245,2863,-4935,-2027496,-20700.0,114658,198981,174592097,1573356,116435,195907,101930672,1549702,-1777,3074,72661425,23654
2020/06/17,自營商,57382,420385,59949067,689723,60891,406079,64964828,651106,-3509,14306,-5015761,38617.0,43317,82902,45210355,725237,58997,75281,28852208,537326,-15680,7621,16358147,187911
2020/06/17,投信,771,79,1230228,453,471,80,599569,6,300,-1,630659,447.0,6463,77,9345383,359,43593,52,93035034,93,-37130,25,-83689651,266
2020/06/17,外資及陸資,224743,185728,263505770,516357,226518,187354,262923686,539842,-1775,-1626,582084,-23485.0,89808,55699,144157984,459330,89593,50237,79549107,521035,215,5462,64608877,-61705
2020/06/18,自營商,32544,183001,29837252,623999,33610,180128,29000887,614015,-1066,2873,836365,9984.0,49740,110148,48432899,807134,66564,99661,31233578,617053,-16824,10487,17199321,190081
2020/06/18,投信,80,0,178737,0,88,0,192936,0,-8,0,-14199,0.0,6425,77,9289889,293,43563,52,93249840,89,-37138,25,-83959951,204
2020/06/18,外資及陸資,186455,74500,215163616,354103,185975,81350,211492985,393971,480,-6850,3670631,-39868.0,94588,62330,147178916,479490,93920,63718,78698870,579428,668,-1388,68480046,-99938
2020/06/19,自營商,27006,151369,26970234,423265,28109,154379,27454384,446096,-1103,-3010,-484150,-22831.0,51865,118225,50412327,785658,70023,110757,33667559,625574,-18158,7468,16744768,160084
2020/06/19,投信,146,0,333110,0,124,0,282918,0,22,0,50192,0.0,6447,77,9354568,228,43563,52,93363564,69,-37116,25,-84008996,159
2020/06/19,外資及陸資,164755,71935,181895086,297894,171860,74124,186895887,300307,-7105,-2189,-5000801,-2413.0,94573,65869,144545651,469688,101007,69446,81039148,567347,-6434,-3577,63506503,-97659
2020/06/22,自營商,36980,244577,39485604,606329,36404,232421,37690329,560350,576,12156,1795275,45979.0,53913,146405,53362378,856746,71483,126816,34801409,653945,-17570,19589,18560969,202801
2020/06/22,投信,427,0,922514,0,373,0,851720,0,54,0,70794,0.0,6611,77,9686977,196,43673,52,93715118,59,-37062,25,-84028141,137
2020/06/22,外資及陸資,182829,80952,212070831,306150,185556,89326,212445599,340697,-2727,-8374,-374768,-34547.0,100867,70656,156312077,475505,110016,82607,93135957,605173,-9149,-11951,63176120,-129668
2020/06/23,自營商,36879,304882,38927172,589734,37313,306820,38590803,592009,-434,-1938,336369,-2275.0,55605,157606,55621221,864593,73846,139948,36676369,670849,-18241,17658,18944852,193744
2020/06/23,投信,685,0,684755,0,108,0,247451,0,577,0,437304,0.0,7153,77,10077228,159,43638,52,93927276,63,-36485,25,-83850048,96
2020/06/23,外資及陸資,216095,116834,247352729,388133,211644,115732,243725067,384514,4451,1102,3627662,3619.0,107320,74391,161510231,481768,112021,85240,94504629,604618,-4701,-10849,67005602,-122850
2020/06/24,自營商,31311,340068,33159463,515779,33886,312348,35453683,470047,-2575,27720,-2294220,45732.0,52441,115392,50317533,848395,73211,98683,33518194,623490,-20770,16709,16799339,224905
2020/06/24,投信,350,52,805720,91,95,52,218896,0,255,0,586824,91.0,7088,77,9983589,231,43318,52,93742704,86,-36230,25,-83759115,145
2020/06/24,外資及陸資,152621,107588,165621705,306891,152474,110194,164680317,318688,147,-2606,941388,-11797.0,111099,66933,166071611,504672,115619,77761,97730991,646089,-4520,-10828,68340620,-141417
2020/06/29,自營商,40703,265437,45427352,704300,39780,282772,41904348,770092,923,-17335,3523004,-65792.0,54595,140203,51212333,861292,74421,140829,31138518,709530,-19826,-626,20073815,151762
2020/06/29,投信,191,0,423792,0,1444,0,3281596,0,-1253,0,-2857804,0.0,7211,77,10120165,309,44694,52,95576479,35,-37483,25,-85456314,274
2020/06/29,外資及陸資,202051,84865,241735390,361036,208635,90042,248659703,390547,-6584,-5177,-6924313,-29511.0,106184,72124,157342422,484153,117285,88129,96843153,632428,-11101,-16005,60499269,-148275
2020/06/30,自營商,30709,251315,33217803,499885,30535,249262,32501858,473580,174,2053,715945,26305.0,57016,141719,54644243,791777,76806,140273,33658855,658655,-19790,1446,20985388,133122
2020/06/30,投信,1139,0,2576701,0,108,0,247685,0,1031,0,2329016,0.0,7329,77,10445623,126,43781,52,94373324,38,-36452,25,-83927701,88
2020/06/30,外資及陸資,147783,77930,161685418,275608,147751,71628,161391133,238507,32,6302,294285,37101.0,108271,77942,157669888,471890,116340,87645,96265488,564900,-8069,-9703,61404400,-93010
2020/07/01,自營商,40669,379242,43578382,695069,43739,343794,46271770,603478,-3070,35448,-2693388,91591.0,56167,124530,53551391,795356,78743,103487,35134206,598177,-22576,21043,18417185,197179
2020/07/01,投信,252,50,531011,80,94,51,217013,0,158,-1,313998,80.0,7503,76,10871415,200,43797,52,95027570,44,-36294,24,-84156155,156
2020/07/01,外資及陸資,159640,111359,179552629,318398,152132,111024,170797267,330970,7508,335,8755362,-12572.0,118007,74461,172299354,462851,118589,80694,101830924,571582,-582,-6233,70468430,-108731
2020/07/02,自營商,37380,206945,40864883,579378,38926,201906,39428287,567629,-1546,5039,1436596,11749.0,59828,153679,58439559,938447,83929,127550,38315593,733282,-24101,26129,20123966,205165
2020/07/02,投信,908,0,2120431,0,30,0,70116,0,878,0,2050315,0.0,7490,76,10984729,93,42906,52,94186543,89,-35416,24,-83201814,4
2020/07/02,外資及陸資,163123,69983,179724909,250529,153112,73784,169118008,256325,10011,-3801,10606901,-5796.0,126563,85166,181455492,551398,117131,95200,99390073,675041,9432,-10034,82065419,-123643
2020/07/03,自營商,35451,250969,38742342,760602,38246,237707,41334221,679619,-2795,13262,-2591879,80983.0,58909,176518,57632511,1155117,85682,137141,39831839,871571,-26773,39377,17800672,283546
2020/07/03,投信,734,0,1716646,0,214,0,505816,0,520,0,1210830,0.0,7589,76,11334833,53,42485,52,94313151,184,-34896,24,-82978318,-131
2020/07/03,外資及陸資,171578,101534,197269790,421261,166394,101994,187582687,431219,5184,-460,9687103,-9958.0,124339,90382,186333603,692621,114370,100876,93596303,831114,9969,-10494,92737300,-138493
2020/07/06,自營商,40913,338074,42951174,878507,49129,335743,45211429,892050,-8216,2331,-2260255,-13543.0,59147,204253,58738053,1594997,94142,162608,42875381,1300031,-34995,41645,15862672,294966
2020/07/06,投信,1612,0,3812805,0,74,0,178575,0,1538,0,3634230,0.0,7693,76,11757674,21,41051,52,92716255,488,-33358,24,-80958581,-467
2020/07/06,外資及陸資,162142,88645,169354211,367944,168901,88010,184165326,380711,-6759,635,-14811115,-12767.0,123985,96073,186830174,1037877,120748,105851,107200180,1158997,3237,-9778,79629994,-121120
2020/07/07,自營商,52682,374815,57230908,930708,54142,368426,55605218,926324,-1460,6389,1625690,4384.0,59777,218221,58047015,1503781,96235,170031,40558117,1193113,-36458,48190,17488898,310668
2020/07/07,投信,14,12,30176,30,3,13,7217,6,11,-1,22959,24.0,7703,75,11742233,46,41050,52,92424320,389,-33347,23,-80682087,-343
2020/07/07,外資及陸資,213582,164805,247591752,625856,213871,169523,247772088,652251,-289,-4718,-180336,-26395.0,123609,99596,185252139,949673,120682,114119,106108928,1108771,2927,-14523,79143211,-159098
2020/07/08,自營商,44297,398815,49036703,693063,46428,369467,47506268,671147,-2131,29348,1530435,21916.0,59266,140877,58817023,1329859,97850,106136,39693735,1034887,-38584,34741,19123288,294972
2020/07/08,投信,2053,59,4250818,155,35,58,84841,4,2018,1,4165977,151.0,8018,76,11882094,170,39347,52,89051058,514,-31329,24,-77168964,-344
2020/07/08,外資及陸資,167059,143710,199767360,446825,168597,150559,204675826,462882,-1538,-6849,-4908466,-16057.0,122035,86784,184279726,1022444,120230,101436,109232569,1187149,1805,-14652,75047157,-164705
2020/07/09,自營商,39304,150537,43260599,487680,39159,164351,39544544,569588,145,-13814,3716055,-81908.0,61474,151531,61027180,1326123,99973,130528,38171259,1107257,-38499,21003,22855921,218866
2020/07/09,投信,802,28,1948495,312,29,28,69756,132,773,0,1878739,180.0,8017,75,11911080,132,38573,51,87344888,385,-30556,24,-75433808,-253
2020/07/09,外資及陸資,177916,84091,209078583,365999,180048,80408,210172295,359911,-2132,3683,-1093712,6088.0,119409,96738,182122684,1054954,119736,107707,107991076,1212215,-327,-10969,74131608,-157261
2020/07/10,自營商,46457,232561,50094532,645303,48775,232924,54901953,665223,-2318,-363,-4807421,-19920.0,63303,166034,60281769,1243461,104210,145420,42365205,1031191,-40907,20614,17916564,212270
2020/07/10,投信,9110,0,19368528,0,9664,0,21627938,0,-554,0,-2259410,0.0,8660,75,12147693,251,39770,51,88888159,216,-31110,24,-76740466,35
2020/07/10,外資及陸資,225112,111398,277851263,486953,216719,112013,264929275,504979,8393,-615,12921988,-18026.0,124811,101423,187791626,891819,116745,113007,101679704,1034926,8066,-11584,86111922,-143107
2020/07/13,自營商,47256,217174,47874039,506934,47114,209148,43351126,480538,142,8026,4522913,26396.0,67059,185014,66282612,1440158,107815,156261,43499230,1147325,-40756,28753,22783382,292833
2020/07/13,投信,22279,21,50772827,224,21536,21,48403951,62,743,0,2368876,162.0,8743,75,12471881,132,39110,51,88190060,323,-30367,24,-75718179,-191
2020/07/13,外資及陸資,203438,111253,259740742,435321,208029,117203,273288271,464022,-4591,-5950,-13547529,-28701.0,119052,103793,178631385,1089925,115598,121327,104702058,1336974,3454,-17534,73929327,-247049
2020/07/14,自營商,67868,275450,75191385,596935,66369,285386,72431364,640876,1499,-9936,2760021,-43941.0,69668,201263,69869070,1508009,108913,182415,44242910,1237916,-39245,18848,25626160,270093
2020/07/14,投信,16252,9,31017309,75,16274,9,30839808,24,-22,0,177501,51.0,8931,73,12820699,157,39320,49,88361946,286,-30389,24,-75541247,-129
2020/07/14,外資及陸資,253185,181648,348367174,665781,257250,187742,354453817,686318,-4065,-6094,-6086643,-20537.0,115801,108674,175435405,1142471,113412,132302,107630581,1416713,2389,-23628,67804824,-274242
2020/07/15,自營商,60916,423834,66423333,805869,63970,391093,68981715,702421,-3054,32741,-2558382,103448.0,46686,95433,50497537,778632,83871,77445,34508312,689366,-37185,17988,15989225,89266
2020/07/15,投信,1300,67,969962,310,240,67,577537,33,1060,0,392425,277.0,10028,73,13350925,367,39357,49,88850321,294,-29329,24,-75499396,73
2020/07/15,外資及陸資,209015,271934,263334666,685843,212590,265216,267665372,680700,-3575,6718,-4330706,5143.0,95112,33420,145940953,541419,95004,45911,89091889,548155,108,-12491,56849064,-6736
2020/07/16,自營商,36277,183090,39763445,627310,37828,203901,35915629,754285,-1551,-20811,3847816,-126975.0,50112,110112,54839686,774986,88818,112750,35093882,793016,-38706,-2638,19745804,-18030
2020/07/16,投信,209,0,484503,0,1266,0,3041505,0,-1057,0,-2557002,0.0,10208,73,13678949,372,40594,49,91404455,223,-30386,24,-77725506,149
2020/07/16,外資及陸資,194004,84858,237274736,447400,200703,83666,243628416,439445,-6699,1192,-6353680,7955.0,96514,42422,144039886,562369,103147,53721,93727814,565269,-6633,-11299,50312072,-2900
2020/07/17,自營商,32961,211435,35056630,654554,36589,193271,36660715,583731,-3628,18164,-1604085,70823.0,53602,131709,57212375,804869,95936,116100,38942867,769857,-42334,15609,18269508,35012
2020/07/17,投信,282,0,674254,0,16,0,9107,0,266,0,665147,0.0,10455,73,14317375,303,40579,49,91466928,186,-30124,24,-77149553,117
2020/07/17,外資及陸資,179422,91129,218859060,407481,177854,89168,212744613,402381,1568,1961,6114447,5100.0,99000,48907,148663449,573632,104071,58245,92253028,557431,-5071,-9338,56410421,16201
2020/07/20,自營商,33361,209513,35507485,484009,30639,220413,31385540,523529,2722,-10900,4121945,-39520.0,56832,142746,60867738,791402,96459,137968,38497606,802099,-39627,4778,22370132,-10697
2020/07/20,投信,77,0,122824,0,365,0,869445,0,-288,0,-746621,0.0,10167,73,13576761,247,40579,49,91421284,154,-30412,24,-77844523,93
2020/07/20,外資及陸資,169198,120920,204502609,456932,166944,123346,203083321,465296,2254,-2426,1419288,-8364.0,102555,52914,151675407,560736,105387,64678,93858486,545711,-2832,-11764,57816921,15025
2020/07/21,自營商,45310,380904,52673328,873086,48180,359599,51852448,746722,-2870,21305,820880,126364.0,58612,172074,65761636,1091014,101034,145938,41945302,1031525,-42422,26136,23816334,59489
2020/07/21,投信,1290,0,3169419,0,414,300,1016950,3496,876,-300,2152469,-3496.0,10062,73,13597811,132,39598,349,90938985,3865,-29536,-276,-77341174,-3733
2020/07/21,外資及陸資,165691,173837,205065221,638881,166036,169017,206577810,650638,-345,4820,-1512589,-11757.0,108548,64073,166781553,696462,111722,71017,109378943,696274,-3174,-6944,57402610,188
2020/07/22,自營商,39471,373293,44568010,619241,43674,363328,48149597,649599,-4203,9965,-3581587,-30358.0,56467,113756,59284107,917645,103107,96882,38924636,867381,-46640,16874,20359471,50264
2020/07/22,投信,482,48,1185108,94,643,50,1584968,1,-161,-2,-399860,93.0,10332,71,14300445,203,40029,349,92317300,4105,-29697,-278,-78016855,-3902
2020/07/22,外資及陸資,155159,205992,192592841,574507,163564,213513,199676860,598052,-8405,-7521,-7084019,-23545.0,107579,49332,167288107,659903,119171,67014,116900062,709966,-11592,-17682,50388045,-50063
2020/07/23,自營商,43820,175960,48602280,608917,41646,203629,40771500,726572,2174,-27669,7830780,-117655.0,61063,126891,66026420,943124,105526,137603,37838889,1001270,-44463,-10712,28187531,-58146
2020/07/23,投信,15,0,35021,0,1273,0,3127346,0,-1258,0,-3092325,0.0,10342,71,14280965,235,41297,349,95103131,3808,-30955,-278,-80822166,-3573
2020/07/23,外資及陸資,180704,81131,221404329,391741,189328,86329,231315861,423623,-8624,-5198,-9911532,-31882.0,104874,53973,160132891,655108,121331,76853,119871763,739871,-16457,-22880,40261128,-84763
2020/07/24,自營商,58697,285409,60917481,1017741,56589,281022,63354643,1004173,2108,4387,-2437162,13568.0,63657,139859,67028697,1032485,106024,146198,41379248,1018230,-42367,-6339,25649449,14255
2020/07/24,投信,118,0,287293,0,1496,0,3636550,0,-1378,0,-3349257,0.0,10332,71,14088895,421,42665,349,97383735,2963,-32333,-278,-83294840,-2542
2020/07/24,外資及陸資,259305,157719,312635103,743509,257624,162587,303136852,774268,1681,-4868,9498251,-30759.0,105833,58558,163014176,649884,120609,86306,113797828,764694,-14776,-27748,49216348,-114810
2020/07/27,自營商,51387,323847,60844465,1299902,52315,296381,61256708,1083432,-928,27466,-412243,216470.0,63874,171936,69433167,1481642,107007,150744,43090473,1323371,-43133,21192,26342694,158271
2020/07/27,投信,1221,0,2821082,0,87,0,217340,0,1134,0,2603742,0.0,10476,71,14636263,138,41675,349,97774243,6355,-31199,-278,-83137980,-6217
2020/07/27,外資及陸資,262284,183646,337402440,902088,249589,185697,323348980,909974,12695,-2051,14053460,-7886.0,108798,60745,169881555,850813,113879,90544,105247780,1070798,-5081,-29799,64633775,-219985
2020/07/28,自營商,84119,610566,96689917,2323315,84435,616808,101141494,2211136,-316,-6242,-4451577,112179.0,64429,188910,68154144,1726803,107881,173825,46206302,1514023,-43452,15085,21947842,212780
2020/07/28,投信,120,0,292383,0,835,0,2058231,0,-715,0,-1765848,0.0,10540,71,14766676,162,42454,349,99386373,6444,-31914,-278,-84619697,-6282
2020/07/28,外資及陸資,382225,328453,485115382,1512306,390956,324323,494162343,1484948,-8731,4130,-9046961,27358.0,105804,70675,165533575,983172,116613,96367,110052429,1153705,-10809,-25692,55481146,-170533
2020/07/29,自營商,52495,481255,56928899,928519,56363,491989,59371767,971581,-3868,-10734,-2442868,-43062.0,64424,131131,65321484,1374695,111578,101096,45928871,1128119,-47154,30035,19392613,246576
2020/07/29,投信,0,47,0,151,1258,48,3099589,0,-1258,-1,-3099589,151.0,10462,70,14560215,323,43634,349,102032814,5586,-33172,-279,-87472599,-5263
2020/07/29,外資及陸資,250356,289256,303071416,872739,252517,292549,304740709,899501,-2161,-3293,-1669293,-26762.0,109506,59500,171845375,862437,122326,84809,117981750,1033350,-12820,-25309,53863625,-170913
2020/07/30,自營商,38854,177436,43029238,707118,38109,185484,40323762,733178,745,-8048,2705476,-26060.0,66741,154220,68909956,1571907,113141,132260,46429274,1326999,-46400,21960,22480682,244908
2020/07/30,投信,109,0,250381,0,52,0,113723,0,57,0,136658,0.0,10476,70,14785499,180,43591,349,103356405,7387,-33115,-279,-88570906,-7207
2020/07/30,外資及陸資,223171,116457,273007035,628095,214804,113241,263208879,601665,8367,3216,9798156,26430.0,113167,69543,178178125,1023469,117623,91636,113713178,1205707,-4456,-22093,64464947,-182238
2020/07/31,自營商,37222,187450,41727583,723605,39542,189957,42952223,730525,-2320,-2507,-1224640,-6920.0,66374,163093,69376177,1573632,115094,143621,48237162,1326601,-48720,19472,21139015,247031
2020/07/31,投信,527,0,1244973,0,124,400,287024,3814,403,-400,957949,-3814.0,10512,70,14798847,179,43224,749,102268197,10906,-32712,-679,-87469350,-10727
2020/07/31,外資及陸資,228295,125985,290506916,634609,235960,130556,299672905,661791,-7665,-4571,-9165989,-27182.0,112717,71295,178087103,1021242,124838,97959,122963434,1228167,-12121,-26664,55123669,-206925
2020/08/03,自營商,40713,216451,46019776,682082,38997,249193,40119840,812803,1716,-32742,5899936,-130721.0,70865,164863,74936903,1392325,117872,178097,48236199,1285204,-47007,-13234,26700704,107121
2020/08/03,投信,15,0,15341,0,1342,0,3328484,0,-1327,0,-3313143,0.0,10514,70,14641144,168,44553,749,104462573,7360,-34039,-679,-89821429,-7192
2020/08/03,外資及陸資,220139,155194,279079497,714928,235183,158432,294021179,757364,-15044,-3238,-14941682,-42436.0,108916,79320,171016152,949903,131881,109222,131326588,1105606,-22965,-29902,39689564,-155703
2020/08/04,自營商,38613,301458,42613318,682294,42504,275438,43641291,605819,-3891,26020,-1027973,76475.0,72289,175531,76840765,1478996,123223,162741,50742348,1266310,-50934,12790,26098417,212686
2020/08/04,投信,1150,0,2840632,0,47,0,100758,0,1103,0,2739874,0.0,10683,70,15238756,46,43619,749,103681889,10281,-32936,-679,-88443133,-10235
2020/08/04,外資及陸資,192412,155696,235595285,579800,177839,150101,214605865,559260,14573,5595,20989420,20540.0,115547,83026,182241119,989078,123939,107333,120853277,1203714,-8392,-24307,61387842,-214636
2020/08/05,自營商,39951,358882,41736753,710438,44509,333299,45459285,632939,-4558,25583,-3722532,77499.0,70852,141341,71727031,1532662,126142,114426,49013996,1205905,-55290,26915,22713035,326757
2020/08/05,投信,441,46,1067524,159,66,47,167823,0,375,-1,899701,159.0,10663,65,15264261,98,43224,745,103592512,12714,-32561,-680,-88328251,-12616
2020/08/05,外資及陸資,165885,159484,201530036,478307,164183,155498,198973944,474949,1702,3986,2556092,3358.0,118066,75930,188350289,1045349,124686,96364,123793359,1328060,-6620,-20434,64556930,-282711
2020/08/06,自營商,43384,230423,50231163,852504,42680,233925,49358142,881186,704,-3502,873021,-28682.0,74226,171090,75894113,1755506,128812,147651,52079335,1428272,-54586,23439,23814778,327234
2020/08/06,投信,112,23,235911,466,75,22,180704,63,37,1,55207,403.0,10641,65,15282121,66,43165,744,104219080,14696,-32524,-679,-88936959,-14630
2020/08/06,外資及陸資,214481,114730,268286962,581624,214547,118673,267860286,576963,-66,-3943,426676,4661.0,118331,86015,189526131,1176259,125017,110392,124063361,1502941,-6686,-24377,65462770,-326682
2020/08/07,自營商,34336,168359,37468628,561427,33884,181629,36268702,633323,452,-13270,1199926,-71896.0,77844,181445,79395874,1658925,131993,171266,54503807,1406966,-54149,10179,24892067,251959
2020/08/07,投信,15,0,38249,0,381,0,972112,0,-366,0,-933863,0.0,10624,65,15140729,67,43514,744,104479651,12314,-32890,-679,-89338922,-12247
2020/08/07,外資及陸資,191647,107084,232283204,492839,195934,113287,234096475,514183,-4287,-6203,-1813271,-21344.0,115833,89365,184652353,1116474,126806,119945,121210528,1411973,-10973,-30580,63441825,-295499
2020/08/10,自營商,35077,222392,35887947,580827,36597,207898,38312725,515763,-1520,14494,-2424778,65064.0,75550,205278,77740144,1787927,131297,180595,55002184,1434724,-55747,24683,22737960,353203
2020/08/10,投信,620,21,1538982,261,91,22,224393,26,529,-1,1314589,235.0,10574,63,15076900,50,42935,743,103772594,14047,-32361,-680,-88695694,-13997
2020/08/10,外資及陸資,182213,107657,217475099,431080,184392,111749,223837219,447377,-2179,-4092,-6362120,-16297.0,113781,87956,181760794,1130134,126933,122628,124097440,1502142,-13152,-34672,57663354,-372008
2020/08/11,自營商,41141,270348,44658612,599577,41727,275528,46826116,638063,-586,-5180,-2167504,-38486.0,76863,213223,78021882,1634934,133220,193702,57669151,1292450,-56357,19521,20352731,342484
2020/08/11,投信,14,12,33755,134,594,12,1509727,11,-580,0,-1475972,123.0,10570,63,14928817,83,43511,743,104275922,10466,-32941,-680,-89347105,-10383
2020/08/11,外資及陸資,174501,114058,201472134,412039,180435,120591,207977905,429551,-5934,-6533,-6505771,-17512.0,109965,87284,175047325,1009425,129051,128489,124345897,1302719,-19086,-41205,50701428,-293294
2020/08/12,自營商,55974,407718,68396995,729040,53527,453002,65800794,852052,2447,-45284,2596201,-123012.0,77199,152818,73107748,1312387,131411,134359,50412253,1093371,-54212,18459,22695495,219016
2020/08/12,投信,21,84,45376,158,500,83,1250162,242,-479,1,-1204786,-84.0,10489,64,14625644,184,43909,743,104611085,8098,-33420,-679,-89985441,-7914
2020/08/12,外資及陸資,215538,211030,259698817,663196,215910,210880,256098914,650387,-372,150,3599903,12809.0,106724,84166,167928402,917205,123301,115674,113886979,1147416,-16577,-31508,54041423,-230211
2020/08/13,自營商,36593,172218,38605438,466706,34167,167620,38082415,471206,2426,4598,523023,-4500.0,78155,160321,73086727,1379713,128120,137258,49624489,1139846,-49965,23063,23462238,239867
2020/08/13,投信,4858,0,12246590,0,3993,0,10077085,0,865,0,2169505,0.0,10373,64,14349046,101,42928,743,102672525,9349,-32555,-679,-88323479,-9248
2020/08/13,外資及陸資,195337,78320,224895062,352083,195229,77462,224585630,342370,108,858,309432,9713.0,107488,92883,169223619,959441,123884,123183,114517502,1228533,-16396,-30300,54706117,-269092
2020/08/14,自營商,38808,173432,39685676,454908,35458,173040,35658752,481909,3350,392,4026924,-27001.0,78306,177005,75683699,1444864,126850,153577,48166413,1207092,-48544,23428,27517286,237772
2020/08/14,投信,7796,0,18457196,0,6781,0,15813941,0,1015,0,2643255,0.0,10355,64,14365664,50,41895,743,100480128,10740,-31540,-679,-86114464,-10690
2020/08/14,外資及陸資,195354,94804,228045678,407728,191713,93627,225674419,384167,3641,1177,2371259,23561.0,110478,96721,170515464,999126,123233,125844,113137234,1292100,-12755,-29123,57378230,-292974
2020/08/17,自營商,52496,237449,56963307,598660,56399,211647,59907926,477111,-3903,25802,-2944619,121549.0,81078,195752,82349550,1723125,133540,146472,57411117,1285304,-52462,49280,24938433,437821
2020/08/17,投信,21504,14,52260724,156,20669,14,49907658,14,835,0,2353066,142.0,10375,63,14595332,95,41080,742,99462888,15584,-30705,-679,-84867556,-15489
2020/08/17,外資及陸資,211758,91571,275657723,373075,206019,96844,270185968,376951,5739,-5273,5471755,-3876.0,112690,94051,177345411,1121701,122406,128447,113688360,1529943,-9716,-34396,63657051,-408242
2020/08/18,自營商,63338,277750,83847995,516346,63896,298706,80944161,606455,-558,-20956,2903834,-90109.0,81665,200158,78978532,1596337,134679,171981,51202451,1252581,-53014,28177,27776081,343756
2020/08/18,投信,17197,57,35781476,809,17461,7,36363647,13,-264,50,-582171,796.0,10386,114,14532454,915,41355,743,99526262,12753,-30969,-629,-84993808,-11838
2020/08/18,外資及陸資,223004,121679,307317261,444355,233577,125705,319211391,437201,-10573,-4026,-11894130,7154.0,105955,93794,166454904,1023589,124744,132216,114768475,1393765,-18789,-38422,51686429,-370176
2020/08/19,自營商,74527,381448,79803469,690308,68736,388905,79649578,725117,5791,-7457,153891,-34809.0,56335,98640,64224926,808088,92477,81119,35459520,770950,-36142,17521,28765406,37138
2020/08/19,投信,627,46,1611660,116,958,47,2451617,0,-331,-1,-839957,116.0,8178,112,14368464,1183,41814,42,100051981,302,-33636,70,-85683517,881
2020/08/19,外資及陸資,189264,154717,232686308,442790,198272,152613,242929315,451466,-9008,2104,-10243007,-8676.0,77433,41872,138908090,651850,102491,52095,99612331,577211,-25058,-10223,39295759,74639
2020/08/20,自營商,71633,307374,81670450,1346403,67001,347795,75490915,1523192,4632,-40421,6179535,-176789.0,63006,119951,70324672,1048678,94489,142839,36332825,1120235,-31483,-22888,33991847,-71557
2020/08/20,投信,67,0,162860,0,3760,46,9238502,284,-3693,-46,-9075642,-284.0,8196,112,13912768,2809,45525,88,105644499,250,-37329,24,-91731731,2559
2020/08/20,外資及陸資,341230,136207,412899976,840500,350433,133564,421275326,800750,-9203,2643,-8375350,39750.0,84005,56558,140738944,741779,114675,64138,110666558,666850,-30670,-7580,30072386,74929
2020/08/21,自營商,42341,235932,44413135,850575,42494,207451,47570113,710911,-153,28481,-3156978,139664.0,64117,145015,69791461,1048908,95684,139342,38250977,989904,-31567,5673,31540484,59004
2020/08/21,投信,1564,0,3925061,0,160,0,388305,0,1404,0,3536756,0.0,8253,112,14350248,1696,44178,88,104438541,361,-35925,24,-90088293,1335
2020/08/21,外資及陸資,240621,132282,293380887,639017,223617,118709,268596800,597755,17004,13573,24784087,41262.0,89424,75326,150277672,742949,103117,69333,94653095,633286,-13693,5993,55624577,109663
2020/08/24,自營商,36503,204145,39364178,621147,37987,188485,41582608,578859,-1484,15660,-2218430,42288.0,65116,154637,70192782,1018206,98155,133231,40768603,930883,-33039,21406,29424179,87323
2020/08/24,投信,271,0,660710,0,202,1400,467472,8092,69,-1400,193238,-8092.0,8123,112,14102022,1417,43979,1488,104368418,8297,-35856,-1376,-90266396,-6880
2020/08/24,外資及陸資,190384,122593,220566937,524604,189169,124058,216391628,543775,1215,-1465,4175309,-19171.0,91716,80032,152383356,734358,104203,75577,92327724,645199,-12487,4455,60055632,89159
2020/08/25,自營商,35660,302489,43745202,674776,37160,284371,45915666,653403,-1500,18118,-2170464,21373.0,66022,194120,71152341,1146882,100597,154577,43585256,1057078,-34575,39543,27567085,89804
2020/08/25,投信,745,0,1896331,0,0,1200,0,2670,745,-1200,1896331,-2670.0,8204,112,14450444,1050,43315,2688,103762793,12720,-35111,-2576,-89312349,-11670
2020/08/25,外資及陸資,176865,125009,210641358,509560,178667,125802,210791099,521345,-1802,-793,-149741,-11785.0,94205,81855,159598397,791761,108539,78193,99067410,708269,-14334,3662,60530987,83492
2020/08/26,自營商,30465,324015,36366287,586054,30406,315237,36576187,530697,59,8778,-209900,55357.0,65035,119205,67946963,951584,99600,88733,40472412,864642,-34565,30472,27474551,86942
2020/08/26,投信,228,40,582973,82,113,41,144101,0,115,-1,438872,82.0,8091,111,14366673,964,43087,2688,103664082,12501,-34996,-2577,-89297409,-11537
2020/08/26,外資及陸資,137497,114803,164795370,358776,134072,113111,159406898,349259,3425,1692,5388472,9517.0,95718,64612,162114946,740443,106538,63965,95827868,642622,-10820,647,66287078,97821
2020/08/27,自營商,34876,202393,42759640,668297,38796,205806,42668772,703684,-3920,-3413,90868,-35387.0,65539,139455,68748134,976625,104090,112401,41256184,926638,-38551,27054,27491950,49987
2020/08/27,投信,318,0,818440,0,13,0,33248,0,305,0,785192,0.0,8081,111,14308846,1012,42772,2688,102572745,11492,-34691,-2577,-88263899,-10480
2020/08/27,外資及陸資,183880,95848,223936261,499327,185100,92712,223806035,484846,-1220,3136,130226,14481.0,96138,73304,161977145,774034,108178,69521,95726245,653178,-12040,3783,66250900,120856
2020/08/28,自營商,36916,190950,46686350,589429,36256,212632,42213585,671735,660,-21682,4472765,-82306.0,66958,136995,71579444,936355,104867,131515,39795969,957568,-37909,5480,31783475,-21213
2020/08/28,投信,9,0,22837,0,1415,0,3560151,0,-1406,0,-3537314,0.0,8046,111,14177993,1159,44143,2688,105477389,10656,-36097,-2577,-91299396,-9497
2020/08/28,外資及陸資,210701,112232,272415384,523123,218862,115933,283048119,538385,-8161,-3701,-10632735,-15262.0,92804,75802,155879176,778908,109642,75720,100565400,669240,-16838,82,55313776,109668
2020/08/31,自營商,35634,274075,41267413,769312,37783,287415,43633487,812932,-2149,-13340,-2366074,-43620.0,67726,152496,71386215,970035,107787,160171,42240268,996515,-40061,-7675,29145947,-26480
2020/08/31,投信,329,0,784498,0,396,0,989333,0,-67,0,-204835,0.0,8346,111,14776577,1353,44510,2688,105558506,9234,-36164,-2577,-90781929,-7881
2020/08/31,外資及陸資,207101,168053,259958332,729955,213941,170723,268647148,756545,-6840,-2670,-8688816,-26590.0,93644,75270,156429063,738277,117379,77858,110098811,651530,-23735,-2588,46330252,86747
2020/09/01,自營商,36630,311986,44333274,719229,38326,293710,43422907,679823,-1696,18276,910367,39406.0,67222,175950,69591225,952357,108877,165332,39280925,946792,-41655,10618,30310300,5565
2020/09/01,投信,435,0,1103637,0,92,0,231781,0,343,0,871856,0.0,8297,111,14780295,984,44118,2688,105410623,8531,-35821,-2577,-90630328,-7547
2020/09/01,外資及陸資,202376,162594,244031703,606498,198471,173510,240934216,633884,3905,-10916,3097487,-27386.0,97903,76618,161720659,728449,117733,90122,112012458,673011,-19830,-13504,49708201,55438
2020/09/02,自營商,42203,365269,50165339,659461,44406,381522,49144875,685827,-2203,-16253,1020464,-26366.0,66827,126217,68837375,880222,110179,120261,37560827,908104,-43352,5956,31276548,-27882
2020/09/02,投信,18,53,45754,136,151,254,381875,1550,-133,-201,-336121,-1414.0,8160,68,14431851,852,44114,2846,105409104,9047,-35954,-2778,-90977253,-8195
2020/09/02,外資及陸資,188199,157872,232414454,480374,188754,160567,230482965,476764,-555,-2695,1931489,3610.0,95827,68340,158303679,709722,116174,78484,106683906,643520,-20347,-10144,51619773,66202
2020/09/03,自營商,44314,224502,44415666,739796,45015,215826,46843819,682129,-701,8676,-2428153,57667.0,67850,154188,68353919,960797,111918,139550,39382351,941951,-44068,14638,28971568,18846
2020/09/03,投信,372,0,947511,0,69,0,175899,0,303,0,771612,0.0,8122,68,14380745,744,43773,2846,104904576,8956,-35651,-2778,-90523831,-8212
2020/09/03,外資及陸資,219451,111083,263298053,489233,216267,106316,258961242,482335,3184,4767,4336811,6898.0,101284,83102,167162986,736514,118504,88479,111075131,671622,-17220,-5377,56087855,64892
2020/09/04,自營商,46939,189570,54776033,634113,47934,194353,55721608,684433,-995,-4783,-945575,-50320.0,68984,164378,69367336,991436,114254,154545,41678046,982918,-45270,9833,27689290,8518
2020/09/04,投信,9,0,22697,0,131,0,330286,0,-122,0,-307589,0.0,8079,68,14128980,990,43852,2846,104060257,7829,-35773,-2778,-89931277,-6839
2020/09/04,外資及陸資,261705,164581,323462120,771939,265354,171996,324310734,805181,-3649,-7415,-848614,-33242.0,100502,87029,165483150,758036,121515,99821,110753939,725566,-21013,-12792,54729211,32470
2020/09/07,自營商,48437,277549,56382620,807135,52826,266656,59811965,762831,-4389,10893,-3429345,44304.0,69298,176151,68780732,975722,119074,155451,44522453,916688,-49776,20700,24258279,59034
2020/09/07,投信,0,0,0,0,326,0,803937,0,-326,0,-803937,0.0,8036,68,13995248,978,44135,2846,104543677,5903,-36099,-2778,-90548429,-4925
2020/09/07,外資及陸資,272818,177627,336221984,748370,271900,178644,333619415,760326,918,-1017,2602569,-11956.0,102562,88487,163665781,724699,122657,102296,106365759,681025,-20095,-13809,57300022,43674
2020/09/08,自營商,38885,232825,42318436,541552,38953,222584,42553942,479669,-68,10241,-235506,61883.0,68513,196251,69535057,995521,120139,165303,45306519,897847,-51626,30948,24228538,97674
2020/09/08,投信,127,0,283386,0,141,0,356345,0,-14,0,-72959,0.0,8035,68,14054290,765,44148,2846,105307846,5358,-36113,-2778,-91253556,-4593
2020/09/08,外資及陸資,177978,103987,199583440,363593,173276,102762,192470200,351384,4702,1225,7113240,12209.0,109158,91392,176282851,717035,124551,103976,111466155,643255,-15393,-12584,64816696,73780
2020/09/09,自營商,69654,446557,83102187,860895,67898,484749,80805371,1003322,1756,-38192,2296816,-142427.0,70425,139325,72480347,878901,122122,132918,46054922,858411,-51697,6407,26425425,20490
2020/09/09,投信,32,12,80281,38,1821,11,4563514,0,-1789,1,-4483233,38.0,7992,69,13875525,915,45894,2846,109121952,3505,-37902,-2777,-95246427,-2590
2020/09/09,外資及陸資,268610,268622,334403531,877595,279709,263311,344275559,858660,-11099,5311,-9872028,18935.0,109434,85923,178844761,717710,130888,84892,124314237,607454,-21454,1031,54530524,110256
2020/09/10,自營商,44092,160684,46340608,544439,42819,142150,47309328,427368,1273,18534,-968720,117071.0,72374,160132,75735288,909721,122741,135403,50013296,811943,-50367,24729,25721992,97778
2020/09/10,投信,3308,0,8379012,0,3334,0,8404340,0,-26,0,-25328,0.0,8007,69,14022746,627,45935,2846,110056664,3348,-37928,-2777,-96033918,-2721
2020/09/10,外資及陸資,203824,91318,235502263,451081,195135,87291,223672749,425731,8689,4027,11829514,25350.0,114295,91377,187054823,710235,127060,86319,120233129,589425,-12765,5058,66821694,120810
2020/09/11,自營商,50297,170769,52384947,503967,46916,187416,47714547,587068,3381,-16647,4670400,-83101.0,73658,171064,78647962,865853,120893,163135,48285599,856890,-47235,7929,30362363,8963
2020/09/11,投信,9805,0,23274926,0,9831,0,23243566,0,-26,0,31360,0.0,8008,69,13987944,676,45962,2846,109732120,2178,-37954,-2777,-95744176,-1502
2020/09/11,外資及陸資,220483,123558,267158932,571467,228512,130691,277361450,597131,-8029,-7133,-10202518,-25664.0,112362,96716,186284712,703330,133105,98791,129872026,597020,-20743,-2075,56412686,106310
2020/09/14,自營商,63467,211604,67576529,521756,58585,202368,65074825,449844,4882,9236,2501704,71912.0,82016,174773,91603166,882767,124564,157582,58437861,817131,-42548,17191,33165305,65636
2020/09/14,投信,23373,3,56505563,31,22547,4,54179214,0,826,-1,2326349,31.0,8251,68,14706461,388,45379,2846,109031371,2745,-37128,-2778,-94324910,-2357
2020/09/14,外資及陸資,228637,105844,290928126,389465,224015,98486,288107620,380621,4622,7358,2820506,8844.0,117923,104910,194341707,700012,134023,99627,134638716,609299,-16100,5283,59702991,90713
2020/09/15,自營商,60662,207515,71299297,391979,57374,209385,68194823,412065,3288,-1870,3104474,-20086.0,79459,180029,83557461,892060,117384,164682,47087583,848752,-37925,15347,36469878,43308
2020/09/15,投信,18223,2,38414855,17,17617,2,36743495,0,606,0,1671360,17.0,8727,68,15978615,233,45249,2846,109103458,3062,-36522,-2778,-93124843,-2829
2020/09/15,外資及陸資,218784,120479,273955022,380058,218911,119748,275354844,372098,-127,731,-1399822,7960.0,123632,104087,205262327,704245,139865,98073,146674594,629653,-16233,6014,58587733,74592
2020/09/16,自營商,77477,347740,89684021,732563,69350,324861,88036302,664775,8127,22879,1647719,67788.0,63692,80368,72028136,553594,78114,71807,32547577,365595,-14422,8561,39480559,187999
2020/09/16,投信,1680,63,4327761,616,525,12,1354473,0,1155,51,2973288,616.0,10280,68,20133752,647,45647,0,111184794,0,-35367,68,-91051042,647
2020/09/16,外資及陸資,195925,204494,254227757,579398,193593,204128,239042690,586160,2332,366,15185067,-6762.0,94833,28110,169997304,202238,112356,23753,101926357,250232,-17523,4357,68070947,-47994
2020/09/17,自營商,32997,168314,41158083,509690,31047,197686,34094546,706432,1950,-29372,7063537,-196742.0,69204,99362,77992884,559125,81694,120124,31802731,543930,-12490,-20762,46190153,15195
2020/09/17,投信,927,0,2373943,0,800,1086,2048065,5758,127,-1086,325878,-5758.0,11197,68,22336523,758,46437,1086,112430642,5869,-35240,-1018,-90094119,-5111
2020/09/17,外資及陸資,168158,59735,210059679,305711,195673,59894,243247176,304386,-27515,-159,-33187497,1325.0,90197,33529,157655149,229466,135235,29331,123078390,267199,-45038,4198,34576759,-37733
2020/09/18,自營商,26661,139624,31657154,429434,26613,139633,31077616,420186,48,-9,579538,9248.0,72371,112365,80028495,591028,84813,133086,33217151,553656,-12442,-20721,46811344,37372
2020/09/18,投信,400,0,1026451,0,403,0,1033668,0,-3,0,-7217,0.0,11141,68,22228506,718,46384,1086,112448545,5816,-35243,-1018,-90220039,-5098
2020/09/18,外資及陸資,167548,77604,210216802,357153,178724,76491,216886086,351113,-11176,1113,-6669284,6040.0,91702,37573,159223294,237890,147916,32262,131234137,272563,-56214,5311,27989157,-34673
2020/09/21,自營商,45209,235538,49908277,583851,38795,252833,45054030,683818,6414,-17295,4854247,-99967.0,78607,117061,84738768,651520,84635,154950,33753973,678065,-6028,-37889,50984795,-26545
2020/09/21,投信,311,0,789153,0,1747,0,4425954,0,-1436,0,-3636801,0.0,11294,68,22314638,976,47973,1086,114949442,5094,-36679,-1018,-92634804,-4118
2020/09/21,外資及陸資,212704,101200,257187094,402388,238784,103336,283537110,419609,-26080,-2136,-26350016,-17221.0,93862,40312,154331056,280470,165098,37137,152783656,298154,-71236,3175,1547400,-17684
2020/09/22,自營商,48549,348245,54732490,863038,44746,354981,51523495,914280,3803,-6736,3208995,-51242.0,83176,136606,87011013,717018,85407,181096,33431917,791561,-2231,-44490,53579096,-74543
2020/09/22,投信,275,0,684146,0,2234,0,5146162,0,-1959,0,-4462016,0.0,11518,68,22606871,1254,50156,1086,118606922,5096,-38638,-1018,-96000051,-3842
2020/09/22,外資及陸資,250728,191468,308387876,785224,260480,199508,313691605,816860,-9752,-8040,-5303729,-31636.0,97803,39976,154566888,311299,176421,44841,158377167,313266,-78618,-4865,-3810279,-1967
2020/09/23,自營商,38372,410397,42892642,733654,36677,415182,47437473,732003,1695,-4785,-4544831,1651.0,82820,92860,84027476,497235,83306,97609,34837229,470537,-486,-4749,49190247,26698
2020/09/23,投信,195,510,488533,1051,687,1310,1718714,7092,-492,-800,-1230181,-6041.0,11689,68,23074002,1124,50819,1886,120446780,9881,-39130,-1818,-97372778,-8757
2020/09/23,外資及陸資,196583,166295,243274178,492201,195270,170999,235413119,527806,1313,-4704,7861059,-35605.0,94904,34339,149269868,257836,167302,35133,145283179,286345,-72398,-794,3986689,-28509
2020/09/24,自營商,46048,270162,51673323,975804,42749,286190,49997962,1013245,3299,-16028,1675361,-37441.0,87141,109038,85416449,703781,84496,129789,35878805,714694,2645,-20751,49537644,-10913
2020/09/24,投信,590,126,1446419,101,2727,1,6214759,28,-2137,125,-4768340,73.0,11992,68,23179598,1922,53259,1761,122619202,12442,-41267,-1693,-99439604,-10520
2020/09/24,外資及陸資,269690,90247,330948589,471632,271073,94618,328477917,529256,-1383,-4371,2470672,-57624.0,93584,39864,144473867,407337,167410,45029,138011299,424191,-73826,-5165,6462568,-16854
2020/09/25,自營商,42339,235534,41732982,744855,39211,241924,44404069,747820,3128,-6390,-2671087,-2965.0,87621,125406,83342329,729884,81944,152453,36409875,722094,5677,-27047,46932454,7790
2020/09/25,投信,108,500,263423,1449,89,1150,216861,6195,19,-650,46562,-4746.0,12040,68,23328227,1853,53288,2411,122853957,15437,-41248,-2343,-99525730,-13584
2020/09/25,外資及陸資,284995,138116,337649968,661091,266826,128645,312634626,651611,18169,9471,25015342,9480.0,99851,48939,152798781,415800,155508,44633,121156067,423565,-55657,4306,31642714,-7765
2020/09/28,自營商,31924,228587,32116113,570770,32008,212046,33292399,498784,-84,16541,-1176286,71986.0,88451,143622,84829933,677894,82912,154073,38199848,586987,5539,-10451,46630085,90907
2020/09/28,投信,2566,0,6371426,0,44,0,107311,0,2522,0,6264115,0.0,12393,68,24618911,1243,51119,2411,119679903,9816,-38726,-2343,-95060992,-8573
2020/09/28,外資及陸資,175517,99169,202453608,398169,175578,93693,205108270,401655,-61,5476,-2654662,-3486.0,103590,57628,158333045,319712,155984,47846,128900675,349352,-52394,9782,29432370,-29640
2020/09/29,自營商,30360,271524,31648971,542843,32174,265086,34447711,515646,-1814,6438,-2798740,27197.0,89363,162994,86681836,712806,85635,167064,42827185,580270,3728,-4070,43854651,132536
2020/09/29,投信,410,0,1007204,0,12,0,29809,0,398,0,977395,0.0,12418,68,24679309,1210,50746,2411,118810419,9589,-38328,-2343,-94131110,-8379
2020/09/29,外資及陸資,180523,128023,204430875,437562,176733,131651,197308872,449662,3790,-3628,7122003,-12100.0,106930,58193,163205275,310617,155534,52039,126666075,351788,-48604,6154,36539200,-41171
2020/09/30,自營商,34162,354595,37436469,627980,37162,329059,41685253,542118,-3000,25536,-4248784,85862.0,84859,121778,79222834,677127,83846,106544,39241760,479116,1013,15234,39981074,198011
2020/09/30,投信,782,10,1951181,20,3,10,7483,0,779,0,1943698,20.0,12437,68,24828164,1102,49986,2411,117415137,9519,-37549,-2343,-92586973,-8417
2020/09/30,外資及陸資,184100,156461,216993820,448011,170679,156479,200966804,461816,13421,-18,16027016,-13805.0,113849,44546,174128093,276153,151434,42719,121508265,335250,-37585,1827,52619828,-59097
2020/10/05,自營商,28378,197523,30831920,455814,28583,206331,28218490,491834,-205,-8808,2613430,-36020.0,86916,142080,83089955,638988,85964,135662,40325268,508395,952,6418,42764687,130593
2020/10/05,投信,52,0,130311,0,13,0,32540,0,39,0,97771,0.0,12438,68,24938880,949,49948,2411,117838547,7599,-37510,-2343,-92899667,-6650
2020/10/05,外資及陸資,166678,70982,192961771,274919,173928,72982,204553844,291028,-7250,-2000,-11592073,-16109.0,110124,46641,167731443,242572,154944,46814,126446473,304986,-44820,-173,41284970,-62414
2020/10/06,自營商,36491,282899,41211383,596243,36810,267510,41978595,540669,-319,15389,-767212,55574.0,88571,168155,85657254,675003,87908,146385,43168377,530314,663,21770,42488877,144689
2020/10/06,投信,1215,0,3079411,0,0,0,0,0,1215,0,3079411,0.0,12512,68,25419777,639,48807,2411,116338662,6932,-36295,-2343,-90918885,-6293
2020/10/06,外資及陸資,157889,95588,183540135,325480,155779,92177,181702534,313833,2110,3411,1837601,11647.0,115613,53388,177862478,237389,158314,50150,134138905,274707,-42701,3238,43723573,-37318
2020/10/07,自營商,36434,334388,41502415,518122,34386,310322,40890242,476890,2048,24066,612173,41232.0,88490,123362,83749301,620007,84642,105612,40104600,435388,3848,17750,43644701,184619
2020/10/07,投信,716,10,1825755,12,0,10,0,0,716,0,1825755,12.0,12551,68,25674180,481,48130,2411,115317207,7143,-35579,-2343,-89643027,-6662
2020/10/07,外資及陸資,164821,136223,196558950,372088,158815,134573,187731536,369894,6006,1650,8827414,2194.0,113002,47272,183665661,205969,157477,40665,130877820,254211,-44475,6607,52787841,-48242
2020/10/08,自營商,30586,207681,34770965,603217,31295,209727,35600201,574655,-709,-2046,-829236,28562.0,90558,145114,86506628,741182,87392,129398,43151804,530862,3166,15716,43354824,210320
2020/10/08,投信,759,0,1953801,0,0,0,0,0,759,0,1953801,0.0,12607,68,26061408,335,47427,2411,114600927,8483,-34820,-2343,-88539519,-8148
2020/10/08,外資及陸資,176140,64083,192906460,252546,175708,56592,191808384,244696,432,7491,1098076,7850.0,118810,61328,191009275,251321,162853,47230,136887578,285684,-44043,14098,54121697,-34363
2020/10/12,自營商,38037,290233,42616271,686864,36079,292263,41509085,675284,1958,-2030,1107186,11580.0,92790,160313,89910175,787457,87696,146708,45142702,571889,5094,13605,44767473,215568
2020/10/12,投信,552,1,1426228,2,210,1,542653,0,342,0,883575,2.0,12725,68,26481237,237,47203,2411,114468393,8528,-34478,-2343,-87987156,-8291
2020/10/12,外資及陸資,185777,112123,215525124,415706,188875,117595,216787252,458213,-3098,-5472,-1262128,-42507.0,117810,63025,190226086,245653,164950,54399,137223980,320467,-47140,8626,53002106,-74814
2020/10/13,自營商,36641,266363,39568027,502367,39006,282643,37937378,535672,-2365,-16280,1630649,-33305.0,94451,169968,93414681,777032,91782,172656,47077604,594069,2669,-2688,46337077,182963
2020/10/13,投信,8,0,20669,0,625,0,1614259,0,-617,0,-1593590,0.0,12710,68,26434648,214,47805,2411,115973211,8105,-35095,-2343,-89538563,-7891
2020/10/13,外資及陸資,174123,101003,195038583,339954,170685,101217,189150429,357768,3438,-214,5888154,-17814.0,124037,65135,196795474,233605,167784,56723,137966454,332951,-43747,8412,58829020,-99346
2020/10/14,自營商,35582,300929,36789455,429672,35616,307143,39169586,453493,-34,-6214,-2380131,-23821.0,95489,129928,91235512,653223,92879,122349,47405491,468186,2610,7579,43830021,185037
2020/10/14,投信,42,10,108420,19,1337,10,3447906,0,-1295,0,-3339486,19.0,12631,68,26175625,223,49021,2411,118871639,7409,-36390,-2343,-92696014,-7186
2020/10/14,外資及陸資,160432,124414,178639468,341564,166086,124268,183288468,336837,-5654,146,-4649000,4727.0,119715,51846,194066367,207396,169154,51716,139848089,309978,-49439,130,54218278,-102582
2020/10/15,自營商,42694,214675,52457695,589766,40604,229595,44573739,704592,2090,-14920,7883956,-114826.0,99951,139227,98299884,650737,96169,146584,46758535,571286,3782,-7357,51541349,79451
2020/10/15,投信,2574,0,6574894,0,3719,0,9488849,0,-1145,0,-2913955,0.0,12581,68,25936134,256,50116,2411,121184325,6642,-37535,-2343,-95248191,-6386
2020/10/15,外資及陸資,202696,69536,244637560,310862,203406,71339,245755570,320219,-710,-1803,-1118010,-9357.0,119608,59905,192936202,227990,169787,61578,140115233,342162,-50179,-1673,52820969,-114172
2020/10/16,自營商,40601,208244,44983318,548602,42712,207422,47264057,547474,-2111,822,-2280739,1128.0,98247,147429,98255644,639101,98268,154040,49412044,525964,-21,-6611,48843600,113137
2020/10/16,投信,6112,0,13981716,0,7060,0,16317286,0,-948,0,-2335570,0.0,12546,68,25666418,332,51029,2411,122566718,5018,-38483,-2343,-96900300,-4686
2020/10/16,外資及陸資,215418,83422,255042038,352744,222842,82036,261892804,369687,-7424,1386,-6850766,-16943.0,111391,66906,180427627,233647,168994,67193,134673148,349976,-57603,-287,45754479,-116329
2020/10/19,自營商,49949,214933,57087913,473441,47376,204455,56756547,397792,2573,10478,331366,75649.0,99918,154501,101170392,666787,97466,150837,51372669,489382,2452,3664,49797723,177405
2020/10/19,投信,29921,3,73276037,30,29103,3,70961970,1,818,0,2314067,29.0,12633,68,26098369,98,50298,2411,121841499,7048,-37665,-2343,-95743130,-6950
2020/10/19,外資及陸資,223914,86382,281764671,332564,220802,84502,280805134,320255,3112,1880,959537,12309.0,116316,74465,193186622,240666,170816,72872,146070000,356084,-54500,1593,47116622,-115418
2020/10/20,自營商,47039,175841,58145698,287498,45258,198666,53717516,363964,1781,-22825,4428182,-76466.0,102181,162236,106853143,643510,97939,181441,52867467,519138,4242,-19205,53985676,124372
2020/10/20,投信,24489,1,54517735,10,24574,1,54517359,0,-85,0,376,10.0,12624,68,25942909,100,50374,2411,121317583,6317,-37750,-2343,-95374674,-6217
2020/10/20,外資及陸資,195177,105261,268768869,331707,202621,104960,278394916,321856,-7444,301,-9626047,9851.0,114459,79518,191998754,256884,176295,77624,154616009,359042,-61836,1894,37382745,-102158
2020/10/21,自營商,58184,298132,64949226,499562,60108,273213,70407066,425414,-1924,24919,-5457840,74148.0,77903,87078,86847912,513712,71627,66870,35184464,303038,6276,20208,51663448,210674
2020/10/21,投信,368,64,945287,705,974,12,2494979,0,-606,52,-1549692,705.0,12779,68,26394195,755,51135,0,123527658,0,-38356,68,-97133463,755
2020/10/21,外資及陸資,165850,142014,194481909,358429,165937,142171,187583119,355330,-87,-157,6898790,3099.0,91711,40934,158970075,225526,148120,42729,115077406,286757,-56409,-1795,43892669,-61231
2020/10/22,自營商,32273,176354,35182891,638215,31831,172269,33638013,648190,442,4085,1544878,-9975.0,79918,124874,89228866,660495,73254,100580,35874258,474579,6664,24294,53354608,185916
2020/10/22,投信,108,0,276676,0,19,1400,48765,5239,89,-1400,227911,-5239.0,12885,68,26721132,684,51152,1400,123842978,5170,-38267,-1332,-97121846,-4486
2020/10/22,外資及陸資,181595,58307,205362601,281186,176088,56581,193407855,273888,5507,1726,11954746,7298.0,103548,49855,175313246,263018,154450,49924,119436854,321075,-50902,-69,55876392,-58057
2020/10/23,自營商,27958,154994,27380595,386691,30103,161694,26499881,411778,-2145,-6700,880714,-25087.0,81593,133461,90564403,614462,77086,115739,36420695,452984,4507,17722,54143708,161478
2020/10/23,投信,115,0,295218,0,153,0,392928,0,-38,0,-97710,0.0,12868,68,26674136,650,51173,1400,123904405,4753,-38305,-1332,-97230269,-4103
2020/10/23,外資及陸資,142714,66815,161736603,265719,156862,67637,172333668,273117,-14148,-822,-10597065,-7398.0,98799,51817,166901331,254091,163849,52708,121510911,315216,-65050,-891,45390420,-61125
2020/10/26,自營商,37631,182643,33840504,417956,40580,168662,38794760,363249,-2949,13981,-4954256,54707.0,82704,152131,87727924,658762,81146,120417,38501207,455355,1558,31714,49226717,203407
2020/10/26,投信,450,0,1157979,0,540,0,1390496,0,-90,0,-232517,0.0,13094,68,27288843,598,51489,1400,124918584,4630,-38395,-1332,-97629741,-4032
2020/10/26,外資及陸資,151437,83838,171564144,280094,149639,78488,162203236,268882,1798,5350,9360908,11212.0,108273,60847,182388182,257019,171525,56388,127454281,313402,-63252,4459,54933901,-56383
2020/10/27,自營商,33595,184492,37079472,328381,34891,199852,33526958,364760,-1296,-15360,3552514,-36379.0,86104,151734,91553305,660171,85821,135370,38979561,480345,283,16364,52573744,179826
2020/10/27,投信,83,0,212622,0,2364,0,6056286,0,-2281,0,-5843664,0.0,11838,68,23960361,656,52514,1400,127035955,4318,-40676,-1332,-103075594,-3662
2020/10/27,外資及陸資,152441,89332,171870075,278658,164946,89370,181459956,291144,-12505,-38,-9589881,-12486.0,104421,63366,177783490,261951,176827,58945,132755543,330660,-72406,4421,45027947,-68709
2020/10/28,自營商,38928,238054,39387193,394122,35849,268549,39720095,455353,3079,-30495,-332902,-61231.0,88218,109194,89757568,612770,85015,88201,37918831,454973,3203,20993,51838737,157797
2020/10/28,投信,11,10,27928,26,1340,10,3414106,0,-1329,0,-3386178,26.0,11789,68,23714495,761,53794,1400,129653413,3888,-42005,-1332,-105938918,-3127
2020/10/28,外資及陸資,139662,101167,155475524,288046,145852,96756,155724137,277403,-6190,4411,-248613,10643.0,104745,54617,179012646,267570,183341,51303,134270301,328788,-78596,3314,44742345,-61218
2020/10/29,自營商,45146,175862,45919440,717600,39169,185234,44941528,784612,5977,-9372,977912,-67012.0,90815,135832,90215646,735340,81644,124272,37995041,636134,9171,11560,52220605,99206
2020/10/29,投信,118,0,295948,0,1085,0,2735702,0,-967,0,-2439754,0.0,11781,68,23441038,1002,54753,1400,130643210,3860,-42972,-1332,-107202172,-2858
2020/10/29,外資及陸資,242748,95289,283790828,507305,259659,92398,299932046,512841,-16911,2891,-16141218,-5536.0,101866,65357,172758636,325538,193458,59152,144685377,406371,-91592,6205,28073259,-80833
2020/10/30,自營商,43982,151715,44003882,568904,34952,170662,38064600,657696,9030,-18947,5939282,-88792.0,97671,139215,96006157,861942,79350,146595,38643475,826077,18321,-7380,57362682,35865
2020/10/30,投信,13,0,32569,0,1621,0,4028210,0,-1608,0,-3995641,0.0,11706,68,22903800,1422,56286,1400,132488235,4785,-44580,-1332,-109584435,-3363
2020/10/30,外資及陸資,211566,113040,254112892,585299,208833,111455,245273151,575128,2733,1585,8839741,10171.0,98639,71148,175630150,423856,187486,63358,139130469,517162,-88847,7790,36499681,-93306
2020/11/02,自營商,34126,160214,32505023,561540,28379,165212,30823316,567566,5747,-4998,1681707,-6026.0,100499,140720,97107133,763494,76416,153127,37653024,736872,24083,-12407,59454109,26622
2020/11/02,投信,58,0,145228,0,283,0,704131,0,-225,0,-558903,0.0,11712,68,23108809,1154,56517,1400,134165555,3750,-44805,-1332,-111056746,-2596
2020/11/02,外資及陸資,201053,84141,222646170,405124,201434,84501,224479318,408976,-381,-360,-1833148,-3852.0,98466,74195,171988651,374629,185699,66765,136812867,461473,-87233,7430,35175784,-86844
2020/11/03,自營商,31444,191321,34744830,596156,33924,172168,38080745,470582,-2480,19153,-3335915,125574.0,100594,159105,98342962,753249,78502,152344,41380790,628138,22092,6761,56962172,125111
2020/11/03,投信,2039,0,5175010,0,118,0,297817,0,1921,0,4877193,0.0,11868,68,23814215,785,54752,1400,131489569,3273,-42884,-1332,-107675354,-2488
2020/11/03,外資及陸資,153942,94525,181614237,367581,150024,92830,171397917,360916,3918,1695,10216320,6665.0,103717,79366,183881673,334448,187032,70241,138054985,405542,-83315,9125,45826688,-71094
2020/11/04,自營商,52228,432210,61197866,931318,49546,414358,56886220,884951,2682,17852,4311646,46367.0,101299,110278,101000353,596764,76028,97896,38523269,451819,25271,12382,62477084,144945
2020/11/04,投信,1614,10,4147495,22,10,10,25707,0,1604,0,4121788,22.0,12191,68,24981136,471,53471,1400,130069817,2851,-41280,-1332,-105088681,-2380
2020/11/04,外資及陸資,235304,200544,279948939,620454,225780,202345,272835898,607996,9524,-1801,7113041,12458.0,113095,63665,194677940,280372,186922,59036,141196594,339776,-73827,4629,53481346,-59404
2020/11/05,自營商,34100,198537,38578310,589091,36765,188969,40432089,543344,-2665,9568,-1853779,45747.0,102988,132058,102395625,595089,80370,110147,41664220,433671,22618,21911,60731405,161418
2020/11/05,投信,405,13,1043083,88,69,0,171875,0,336,13,871208,88.0,12494,81,25831894,428,53438,1400,130252023,2158,-40944,-1319,-104420129,-1730
2020/11/05,外資及陸資,194389,80962,237251464,348459,186079,74012,226828948,327408,8310,6950,10422516,21051.0,119088,72312,205259960,269220,187905,60733,141231634,305488,-68817,11579,64028326,-36268
2020/11/06,自營商,32544,200814,35027706,577055,35896,182421,41773596,462714,-3352,18393,-6745890,114341.0,103375,160908,101172384,705806,84058,120617,46981983,443821,19317,40291,54190401,261985
2020/11/06,投信,728,0,1883794,0,56,0,144833,0,672,0,1738961,0.0,12687,81,26422712,333,52959,1400,129481920,2197,-40272,-1319,-103059208,-1864
2020/11/06,外資及陸資,173046,94208,208063373,349954,162497,80994,196640417,335402,10549,13214,11422956,14552.0,119368,88417,216321254,290778,187407,63624,140661660,317110,-68039,24793,75659594,-26332
2020/11/09,自營商,48677,303879,50265863,745063,48258,301887,50115064,740965,419,1992,150799,4098.0,105170,184979,101839877,843179,85479,142686,46721880,572052,19691,42293,55117997,271127
2020/11/09,投信,2126,0,5581252,0,20,0,52282,0,2106,0,5528970,0.0,13200,81,28161580,132,51366,1400,127187824,3915,-38166,-1319,-99026244,-3783
2020/11/09,外資及陸資,203728,113483,236912126,407803,202907,111806,244028134,403225,821,1677,-7116008,4578.0,128208,96972,228533035,378689,195426,70502,158889148,383918,-67218,26470,69643887,-5229
2020/11/10,自營商,47384,364745,58960068,798388,46133,374702,56872519,879104,1251,-9957,2087549,-80716.0,106661,207533,102496509,802959,85740,175171,45625823,605590,20921,32362,56870686,197369
2020/11/10,投信,410,0,1071749,0,590,0,1542850,0,-180,0,-471101,0.0,13340,81,28399113,150,51686,1400,127476588,3056,-38346,-1319,-99077475,-2906
2020/11/10,外資及陸資,248470,182671,297982967,657912,253671,189197,302455865,658080,-5201,-6526,-4472898,-168.0,120969,99281,219367380,342391,193361,79337,154113384,375314,-72392,19944,65253996,-32923
2020/11/11,自營商,48839,487335,58304759,819362,46537,444635,54159310,793341,2302,42700,4145449,26021.0,107903,141687,106306788,762443,84151,117665,44227095,536282,23752,24022,62079693,226161
2020/11/11,投信,2163,10,5738148,15,17,10,45086,0,2146,0,5693062,15.0,13643,81,29602992,73,49843,1400,124441320,5729,-36200,-1319,-94838328,-5656
2020/11/11,外資及陸資,198824,172176,240380073,542663,199306,176542,245966827,539592,-482,-4366,-5586754,3071.0,123254,90505,223105794,479866,196134,75102,162283975,457678,-72880,15403,60821819,22188
2020/11/12,自營商,39750,181554,41964967,498364,41906,177926,44951499,534415,-2156,3628,-2986532,-36051.0,105740,153540,99582815,687565,84234,125880,40505467,502603,21506,27660,59077348,184962
2020/11/12,投信,2238,3,5718488,23,2264,3,5786435,1,-26,0,-67947,22.0,13589,81,29378662,69,49815,1400,124040681,4615,-36226,-1319,-94662019,-4546
2020/11/12,外資及陸資,192533,78114,225935138,365864,186931,78720,217628471,351246,5602,-606,8306667,14618.0,125504,97574,227595888,438548,192788,82777,158847103,432361,-67284,14797,68748785,6187
2020/11/13,自營商,35451,194214,34205490,376212,32135,208493,30857859,415544,3316,-14279,3347631,-39332.0,106873,157856,99345309,688752,79543,144438,36600847,536939,27330,13418,62744462,151813
2020/11/13,投信,6207,252,14695927,2207,5368,2,12441407,0,839,250,2254520,2207.0,13402,81,28994403,54,48789,1150,121810605,2685,-35387,-1069,-92816202,-2631
2020/11/13,外資及陸資,182281,67207,208839378,279106,183530,64083,214957562,272731,-1249,3124,-6118184,6375.0,127334,102151,231472139,460518,195867,84230,168602000,451302,-68533,17921,62870139,9216
2020/11/16,自營商,50495,335862,61311381,750081,48235,325279,59758165,748720,2260,10583,1553216,1361.0,108419,176201,104017685,1055414,79117,152260,38152201,861397,29302,23941,65865484,194017
2020/11/16,投信,29858,0,77083567,0,26939,0,68975853,0,2919,0,8107714,0.0,13658,81,30278476,24,46126,1150,117051662,6018,-32468,-1069,-86773186,-5994
2020/11/16,外資及陸資,234756,121169,322931557,467147,242705,113886,339985923,454434,-7949,7283,-17054366,12713.0,126585,120997,234065281,855459,203067,95770,187091992,683003,-76482,25227,46973289,172456
2020/11/17,自營商,60162,330180,75926430,737956,57317,352081,68459081,870080,2845,-21901,7467349,-132124.0,109842,189897,108123322,1089541,77653,187868,34456368,1008667,32189,2029,73666954,80874
2020/11/17,投信,26023,724,61839069,6828,24586,1000,57811052,5724,1437,-276,4028017,1104.0,14106,81,31598780,21,45137,1426,114750161,5412,-31031,-1345,-83151381,-5391
2020/11/17,外資及陸資,277833,200304,392246484,739078,283003,191540,403814585,696286,-5170,8764,-11568101,42792.0,127066,138960,239742859,963275,208715,104969,204013616,720412,-81649,33991,35729243,242863
2020/11/18,自營商,58370,476596,67350106,776885,57273,437826,72603950,727101,1097,38770,-5253844,49784.0,94061,92601,93062752,590827,56791,71611,26653568,484767,37270,20990,66409184,106060
2020/11/18,投信,1329,72,3644348,553,135,11,368787,0,1194,61,3275561,553.0,14152,77,32029976,541,43989,1000,112722162,6130,-29837,-923,-80692186,-5589
2020/11/18,外資及陸資,178930,200670,241386203,549964,177890,200327,235568446,551496,1040,343,5817757,-1532.0,100775,46593,199434955,465218,164909,40125,157046029,318483,-64134,6468,42388926,146735
2020/11/19,自營商,29713,191140,31934670,525759,31529,207507,30261046,645983,-1816,-16367,1673624,-120224.0,97544,109512,94599349,575327,61619,104955,26454378,590751,35925,4557,68144971,-15424
2020/11/19,投信,733,0,1998805,0,153,0,373489,0,580,0,1625316,0.0,14082,77,31924990,480,43339,1000,111128807,5980,-29257,-923,-79203817,-5500
2020/11/19,外資及陸資,171558,78668,219230752,402542,182364,80811,230863520,400152,-10806,-2143,-11632768,2390.0,99282,53226,192768427,513491,173283,48901,161494212,354379,-74001,4325,31274215,159112
2020/11/20,自營商,22440,190691,25353611,495501,28218,192527,25939323,498367,-5778,-1836,-585712,-2866.0,97674,124700,94478248,612923,67728,121970,26959219,624154,29946,2730,67519029,-11231
2020/11/20,投信,1212,0,3327598,0,2,0,5492,0,1210,0,3322106,0.0,14090,77,31927647,467,42137,1000,107750566,5630,-28047,-923,-75822919,-5163
2020/11/20,外資及陸資,147824,80887,188334669,349375,153396,82574,194966088,362623,-5572,-1687,-6631419,-13248.0,97300,59840,187143257,521585,176840,57202,162525474,388924,-79540,2638,24617783,132661
2020/11/23,自營商,31150,263864,35861067,596031,33696,271867,35068807,621425,-2546,-8003,792260,-25394.0,99600,138478,98009405,715267,72221,141903,29085515,768352,27379,-3425,68923890,-53085
2020/11/23,投信,1569,0,3884033,0,10,0,27749,0,1559,0,3856284,0.0,14498,77,32922783,329,40986,1000,105670473,6585,-26488,-923,-72747690,-6256
2020/11/23,外資及陸資,141963,97754,181516735,392970,153079,94300,200012630,399867,-11116,3454,-18495895,-6897.0,89504,70109,174784965,645659,178842,62907,166346990,461491,-89338,7202,8437975,184168
2020/11/24,自營商,30334,274990,34159845,533997,36995,279935,37056895,557254,-6661,-4945,-2897050,-23257.0,101884,145828,99801204,677639,80833,154141,34165897,701307,21051,-8313,65635307,-23668
2020/11/24,投信,500,4,1379524,28,140,604,384074,3170,360,-600,995450,-3142.0,14426,77,32547538,366,40554,1600,103908567,8780,-26128,-1523,-71361029,-8414
2020/11/24,外資及陸資,153576,109677,190357544,375900,155852,113783,190458143,384637,-2276,-4106,-100599,-8737.0,89467,70150,174207707,556604,181081,67054,165951863,425474,-91614,3096,8255844,131130
2020/11/25,自營商,45170,478856,51508509,809763,49244,479854,57149024,781976,-4074,-998,-5640515,27787.0,102177,116335,97986854,611678,85201,101310,38523164,594611,16976,15025,59463690,17067
2020/11/25,投信,1189,10,3261702,19,152,10,417648,0,1037,0,2844054,19.0,14299,77,31985247,442,39390,1600,100048916,7650,-25091,-1523,-68063669,-7208
2020/11/25,外資及陸資,184416,174660,232058882,537092,183943,174712,229722907,512640,473,-52,2335975,24452.0,95762,54164,184784745,473706,186928,49110,174015401,358511,-91166,5054,10769344,115195
2020/11/26,自營商,38331,244929,35179600,624555,37421,238256,35455414,589312,910,6673,-275814,35243.0,107274,144581,101158994,683442,89448,122832,41474399,658396,17826,21749,59684595,25046
2020/11/26,投信,1944,0,5213384,0,67,0,148567,0,1877,0,5064817,0.0,14555,77,32856919,260,37769,1600,96488270,7390,-23214,-1523,-63631351,-7130
2020/11/26,外資及陸資,163787,77585,191026381,315342,167351,74892,200924710,324759,-3564,2693,-9898329,-9417.0,100009,69533,190465186,551737,194739,61786,189482543,412841,-94730,7747,982643,138896
2020/11/27,自營商,31835,218612,32239359,496922,30354,213386,30648436,478102,1481,5226,1590923,18820.0,112222,170524,105276722,714987,92933,143510,43913913,679538,19289,27014,61362809,35449
2020/11/27,投信,199,0,552007,0,17,0,47167,0,182,0,504840,0.0,14551,77,32937434,199,37583,1600,96232370,7210,-23032,-1523,-63294936,-7011
2020/11/27,外資及陸資,150991,66082,181605106,256024,153561,66083,177401574,256496,-2570,-1,4203532,-472.0,102615,75614,192000735,577110,199915,67868,186765508,433651,-97300,7746,5235227,143459
2020/11/30,自營商,45014,329362,52916622,756974,43354,362247,45646904,874938,1660,-32885,7269718,-117964.0,114548,176820,110121249,685097,94352,182689,42330992,758503,20196,-5869,67790257,-73406
2020/11/30,投信,163,0,452276,0,587,0,1611015,0,-424,0,-1158739,0.0,14507,77,32440822,337,37963,1600,96161608,6280,-23456,-1523,-63720786,-5943
2020/11/30,外資及陸資,207052,150753,265362834,534013,221567,149954,280680789,533643,-14515,799,-15317955,370.0,96907,82990,185191982,521511,205959,74445,195638119,427460,-109052,8545,-10446137,94051
2020/12/01,自營商,38430,300164,35277388,603711,44576,295653,38204654,573506,-6146,4511,-2927266,30205.0,113393,184906,109783944,717445,99478,186216,44120572,782021,13915,-1310,65663372,-64576
2020/12/01,投信,1728,13,4614947,43,55,0,152346,0,1673,13,4462601,43.0,14695,90,33159775,226,36478,1600,93142021,6920,-21783,-1510,-59982246,-6694
2020/12/01,外資及陸資,178127,129396,207208977,425881,181043,128221,215729947,419964,-2916,1175,-8520970,5917.0,98633,85460,187271253,603550,210601,75740,206453740,450943,-111968,9720,-19182487,152607
2020/12/02,自營商,49350,453764,46339273,797761,52057,423048,45616154,740511,-2707,30716,723119,57250.0,113596,131985,107536290,713299,102113,130986,40479995,760078,11483,999,67056295,-46779
2020/12/02,投信,1188,13,3021395,25,141,13,392879,2,1047,0,2628516,23.0,14859,90,33520515,189,35595,1600,91229654,7860,-20736,-1510,-57709139,-7671
2020/12/02,外資及陸資,203832,199320,235346779,584736,204961,196421,228951885,594506,-1129,2899,6394894,-9770.0,105468,80297,193533008,670124,218602,69365,206626361,509990,-113134,10932,-13093353,160134
2020/12/03,自營商,42723,220734,36957376,614921,40615,227910,35211550,662352,2108,-7176,1745826,-47431.0,116814,146472,111277841,719801,103289,152597,42356822,812756,13525,-6125,68921019,-92955
2020/12/03,投信,538,1,1062026,3,67,1,187032,0,471,0,874994,3.0,15142,90,33930672,140,35407,1600,90878432,7660,-20265,-1510,-56947760,-7520
2020/12/03,外資及陸資,219455,68311,246215388,293572,221420,69025,246252446,297985,-1965,-714,-37058,-4413.0,104733,87069,188229894,687141,219832,76851,201341141,536589,-115099,10218,-13111247,150552
2020/12/04,自營商,45646,261353,51821003,709834,43250,270786,50980498,789495,2396,-9433,840505,-79661.0,122693,164255,119869582,847670,107330,179791,49344052,1092044,15363,-15536,70525530,-244374
2020/12/04,投信,1745,1,4402777,3,685,1,1911967,0,1060,0,2490810,3.0,15405,90,34536743,86,34610,1600,89618687,10651,-19205,-1510,-55081944,-10565
2020/12/04,外資及陸資,194416,88850,229437171,404137,204894,81520,233817362,366079,-10478,7330,-4380191,38058.0,111166,97928,202556855,933109,236743,80380,220117256,674795,-125577,17548,-17560401,258314
2020/12/07,自營商,53827,321354,46892077,817508,43278,330631,42207611,897789,10549,-9277,4684466,-80281.0,129417,173655,126387898,885749,103958,198409,50559261,1249940,25459,-24754,75828637,-364191
2020/12/07,投信,611,0,1290393,0,42,0,119422,0,569,0,1170971,0.0,15696,90,35136996,61,34332,1600,89400471,12426,-18636,-1510,-54263475,-12365
2020/12/07,外資及陸資,242616,142841,252296030,565725,259519,146377,268684150,565404,-16903,-3536,-16388120,321.0,102380,105117,189773682,1057613,244861,91105,224157611,778418,-142481,14012,-34383929,279195
2020/12/08,自營商,45221,363104,44238654,826690,45725,348099,45190604,765588,-504,15005,-951950,61102.0,131647,194536,129993091,1026078,106860,204253,54339135,1396608,24787,-9717,75653956,-370530
2020/12/08,投信,1638,0,4175971,0,542,0,1544418,0,1096,0,2631553,0.0,16141,90,36205817,35,33681,1600,88305998,15213,-17540,-1510,-52100181,-15178
2020/12/08,外資及陸資,213922,121553,233843697,428398,220946,120323,236848496,426778,-7024,1230,-3004799,1620.0,103855,111941,190029892,1242141,253357,96699,227790954,932519,-149502,15242,-37761062,309622
2020/12/09,自營商,47181,391926,44844592,690590,46102,389324,40355426,744182,1079,2602,4489166,-53592.0,135419,133097,129314305,861517,109712,167804,48917058,1359136,25707,-34707,80397247,-497619
2020/12/09,投信,1075,12,2989707,20,471,13,1262325,1,604,-1,1727382,19.0,16280,89,36712068,35,33256,1600,87405077,16398,-16976,-1511,-50693009,-16363
2020/12/09,外資及陸資,199103,194495,210869555,629152,222012,188874,229440688,584947,-22909,5621,-18571133,44205.0,99067,102058,183799186,1287307,267264,85534,240533824,903669,-168197,16524,-56734638,383638
2020/12/10,自營商,47096,254282,47847692,629678,46086,261092,47850025,698772,1010,-6810,-2333,-69094.0,140182,161743,133330804,799342,113687,203246,53907436,1221596,26495,-41503,79423368,-422254
2020/12/10,投信,568,2,1537161,21,1044,1,2919161,0,-476,1,-1382000,21.0,16489,90,36868799,65,33941,1600,88374849,11812,-17452,-1510,-51506050,-11747
2020/12/10,外資及陸資,257128,118199,295147078,467321,266207,112548,295468611,472543,-9079,5651,-321533,-5222.0,97466,113150,183215483,982846,272336,90975,239373963,728648,-174870,22175,-56158480,254198
2020/12/11,自營商,58559,324129,62324393,809937,55806,329671,58784708,801887,2753,-5542,3539685,8050.0,142467,165669,137527585,791369,113105,212838,54463021,1171934,29362,-47169,83064564,-380565
2020/12/11,投信,9230,0,22151304,0,9351,0,22420736,0,-121,0,-269432,0.0,16320,90,36338966,51,33893,1600,88120181,11542,-17573,-1510,-51781215,-11491
2020/12/11,外資及陸資,325429,196126,379468851,781859,325997,196780,381004157,801103,-568,-654,-1535306,-19244.0,97962,116198,181860918,926251,273400,94677,239436909,697799,-175438,21521,-57575991,228452
2020/12/14,自營商,49528,232359,49717307,451753,51026,230338,46425250,467415,-1498,2021,3292057,-15662.0,145063,179689,140680900,756995,117247,224821,54718826,1094300,27816,-45132,85962074,-337305
2020/12/14,投信,20063,0,52970939,0,20112,1,52890866,0,-49,-1,80073,0.0,16491,89,36597549,41,34113,1600,88156552,10266,-17622,-1511,-51559003,-10225
2020/12/14,外資及陸資,273388,153518,341573285,544031,288214,159762,355457596,556392,-14826,-6244,-13884311,-12361.0,93836,113735,170180893,829310,284085,98458,241359083,645168,-190249,15277,-71178190,184142
2020/12/15,自營商,73434,364503,84716133,661189,67436,368148,82921022,658833,5998,-3645,1795111,2356.0,149112,176009,139582981,713878,115424,224754,52371424,975321,33688,-48745,87211557,-261443
2020/12/15,投信,19964,0,46191597,0,20132,0,46476658,0,-168,0,-285061,0.0,17172,89,38152787,61,34962,1600,89639104,6785,-17790,-1511,-51486317,-6724
2020/12/15,外資及陸資,298156,194322,401914087,627268,294170,195626,387261552,622220,3986,-1304,14652535,5048.0,101050,115997,185569636,694473,287310,102024,241325552,537515,-186260,13973,-55755916,156958
2020/12/16,自營商,68327,462406,66623279,772008,70402,394006,79509195,645701,-2075,68400,-12885916,126307.0,116395,77304,107390488,429111,80195,70281,32659515,318912,36200,7023,74730973,110199
2020/12/16,投信,1686,84,4731017,705,84,12,237934,0,1602,72,4493083,705.0,17676,86,40097249,706,33864,0,87868607,0,-16188,86,-47771358,706
2020/12/16,外資及陸資,185616,180053,237707147,529886,188179,177618,232570288,530077,-2563,2435,5136859,-191.0,73311,20989,144302060,191464,254168,29913,204610893,276038,-180857,-8924,-60308833,-84574
2020/12/17,自營商,31096,183585,34676948,480420,32516,196212,30151271,596134,-1420,-12627,4525677,-115714.0,119492,100953,110600192,428931,84739,106576,31404156,432313,34753,-5623,79196036,-3382
2020/12/17,投信,115,0,325331,0,336,0,952375,0,-221,0,-627044,0.0,17487,86,39553325,670,33896,0,87934411,0,-16409,86,-48381086,670
2020/12/17,外資及陸資,186669,82710,223848831,391692,206389,81068,239961645,382254,-19720,1642,-16112814,9438.0,72459,27239,139362310,216539,273006,34521,215685981,292380,-200547,-7282,-76323671,-75841
2020/12/18,自營商,26381,146730,20575085,316422,24958,131899,22507014,290081,1423,14831,-1931929,26341.0,123024,122182,110147413,455400,86812,112909,33158145,408393,36212,9273,76989268,47007
2020/12/18,投信,10,0,28416,0,78,0,195090,0,-68,0,-166674,0.0,17422,86,39253091,745,33899,0,87632460,0,-16477,86,-48379369,745
2020/12/18,外資及陸資,148712,62881,177169296,262923,155087,59350,176449269,248355,-6375,3531,720027,14568.0,76486,32998,145461793,229161,283408,36749,220821552,293988,-206922,-3751,-75359759,-64827
2020/12/21,自營商,37465,307173,39900738,639707,35549,303961,37664125,613784,1916,3212,2236613,25923.0,127637,132855,113137809,548141,89275,120399,32823264,517443,38362,12456,80314545,30698
2020/12/21,投信,754,0,2156800,0,87,1600,246704,5244,667,-1600,1910096,-5244.0,17578,86,40178461,524,33388,1600,87243800,6930,-15810,-1514,-47065339,-6406
2020/12/21,外資及陸資,212970,114769,266971918,436061,210793,118665,258708842,440347,2177,-3896,8263076,-4286.0,82276,38926,154877176,280484,287021,46573,222779906,348148,-204745,-7647,-67902730,-67664
2020/12/22,自營商,50669,361626,45152609,756469,49430,374241,47287561,792654,1239,-12615,-2134952,-36185.0,130192,132368,112043714,585028,90630,132524,35360103,551404,39562,-156,76683611,33624
2020/12/22,投信,101,0,288377,0,1049,0,2949392,0,-948,0,-2661015,0.0,17437,86,39052408,985,34195,1600,87915900,6910,-16758,-1514,-48863492,-5925
2020/12/22,外資及陸資,267683,230417,340131418,804807,279987,238794,350019215,821963,-12304,-8377,-9887797,-17156.0,77109,39926,144306852,269829,294159,55950,220404703,408010,-217050,-16024,-76097851,-138181
2020/12/23,自營商,32266,447900,34683184,814938,36496,432201,36476476,741449,-4230,15699,-1793292,73489.0,130086,98555,110763381,519391,95019,88210,35474013,431512,35067,10345,75289368,87879
2020/12/23,投信,775,11,2189671,16,56,12,123305,0,719,-1,2066366,16.0,17546,85,39582447,786,33585,1600,86615270,5650,-16039,-1515,-47032823,-4864
2020/12/23,外資及陸資,207626,185097,258609482,584003,207401,178267,260448057,611539,225,6830,-1838575,-27536.0,77133,40098,139953284,275952,293993,43873,218709749,394931,-216860,-3775,-78756465,-118979
2020/12/24,自營商,27286,185642,26381658,490970,28713,180159,27158756,482157,-1427,5483,-777098,8813.0,130781,119835,111178074,541259,94915,103987,35965934,468107,35866,15848,75212140,73152
2020/12/24,投信,348,0,991230,0,4,0,1507,0,344,0,989723,0.0,17658,85,40257686,543,33353,1600,86729063,5770,-15695,-1515,-46471377,-5227
2020/12/24,外資及陸資,166214,74393,211503459,324559,164103,68683,203153862,311687,2111,5710,8349597,12872.0,81052,51083,147297062,310807,294257,49148,218129953,416604,-213205,1935,-70832891,-105797
2020/12/25,自營商,29605,185420,30034497,437986,29886,194928,26482322,494778,-281,-9508,3552175,-56792.0,132875,126928,115102089,544105,97311,120609,35935892,536851,35564,6319,79166197,7254
2020/12/25,投信,409,0,1170660,0,67,0,192117,0,342,0,978543,0.0,17641,85,40392053,429,32994,1600,86086271,5740,-15353,-1515,-45694218,-5311
2020/12/25,外資及陸資,132348,67418,148265964,276864,135702,66288,153135699,273751,-3354,1130,-4869735,3113.0,82616,55288,145604101,319803,299121,52223,221911725,422366,-216505,3065,-76307624,-102563
2020/12/28,自營商,28197,195516,27842383,414083,37740,203757,25764802,423121,-9543,-8241,2077581,-9038.0,132875,133511,118825495,653152,106857,135469,36813461,674168,26018,-1958,82012034,-21016
2020/12/28,投信,670,0,1864559,0,52,0,149955,0,618,0,1714604,0.0,17690,85,40896842,321,32425,1600,85297554,7195,-14735,-1515,-44400712,-6874
2020/12/28,外資及陸資,128386,56004,138101138,217863,135499,55345,146275803,216959,-7113,659,-8174665,904.0,83681,57438,147649660,393472,303621,53714,233199353,485051,-219940,3724,-85549693,-91579
2020/12/29,自營商,33356,251747,32595008,414629,34769,262481,30015884,470593,-1413,-10734,2579124,-55964.0,133069,146039,119934894,638095,108464,158731,35238976,704287,24605,-12692,84695918,-66192
2020/12/29,投信,72,0,208117,0,57,0,164437,0,15,0,43680,0.0,17703,85,40987713,291,32423,1600,85413354,7195,-14720,-1515,-44425641,-6904
2020/12/29,外資及陸資,172786,85686,168674317,311026,176248,85886,170470504,299649,-3462,-200,-1796187,11377.0,83239,61425,149280752,413334,306712,57901,236651298,497215,-223473,3524,-87370546,-83881
2020/12/30,自營商,34838,384572,34236301,643734,37742,340462,39133570,607054,-2904,44110,-4897269,36680.0,131492,94899,115833765,614620,108695,100032,34334362,696423,22797,-5133,81499403,-81803
2020/12/30,投信,900,10,2634076,9,4,11,11710,0,896,-1,2622366,9.0,17830,84,41870826,194,31654,1600,84224705,9485,-13824,-1516,-42353879,-9291
2020/12/30,外資及陸資,162988,115673,191477263,353296,156643,115197,178341130,339579,6345,476,13136133,13717.0,95292,48702,169875864,479126,312370,45898,244987878,509628,-217078,2804,-75112014,-30502
2020/12/31,自營商,35913,169847,34072375,537246,30762,193111,28715458,606819,5151,-23264,5356917,-69573.0,135773,101333,121196721,644459,107159,129639,33970463,798768,28614,-28306,87226258,-154309
2020/12/31,投信,1177,0,3455115,0,41,0,115098,0,1136,0,3340017,0.0,17850,84,42062769,154,30538,1600,81191192,9928,-12688,-1516,-39128423,-9774
2020/12/31,外資及陸資,178146,76624,197386740,363605,186343,80482,209118852,391891,-8197,-3858,-11732112,-28286.0,92293,61051,165518700,555848,317580,62106,252841500,604681,-225287,-1055,-87322800,-48833
2021/01/04,自營商,44825,299979,55528800,859221,44135,288910,52060022,829335,690,11069,3468778,29886.0,138367,133516,127909571,847983,108997,150763,35846641,1011572,29370,-17247,92062930,-163589
2021/01/04,投信,1074,0,3194145,0,38,0,112922,0,1036,0,3081223,0.0,18022,84,43147679,97,29674,1600,79712298,12973,-11652,-1516,-36564619,-12876
2021/01/04,外資及陸資,221945,119581,268724584,489704,226723,114025,273125056,460825,-4778,5556,-4400472,28879.0,93792,74107,168100281,728230,323857,69606,261554401,744296,-230065,4501,-93454120,-16066
2021/01/05,自營商,47529,315676,57540843,785785,48187,318032,54275914,790106,-658,-2356,3264929,-4321.0,137746,142806,132721214,992672,108857,162381,36604767,1180188,28889,-19575,96116447,-187516
2021/01/05,投信,140,0,382291,0,201,0,598666,0,-61,0,-216375,0.0,18029,84,43437084,85,29742,1600,80473802,14831,-11713,-1516,-37036718,-14746
2021/01/05,外資及陸資,250182,153141,309101356,602125,252005,154676,311201807,577320,-1823,-1535,-2100451,24805.0,95430,77315,169871635,864134,327318,74349,266488303,825974,-231888,2966,-96616668,38160
2021/01/06,自營商,86534,740479,106059672,1861755,85389,759141,106460333,1916689,1145,-18662,-400661,-54934.0,139146,113032,135704525,930366,110831,139760,40260763,1205398,28315,-26728,95443762,-275032
2021/01/06,投信,346,10,1034891,28,227,10,680124,0,119,0,354767,28.0,18070,84,43419483,179,29664,1600,79942449,14385,-11594,-1516,-36522966,-14206
2021/01/06,外資及陸資,399242,338129,506372965,1206451,393299,334465,507871056,1169647,5943,3664,-1498091,36804.0,103880,74228,169728164,897235,331330,72851,267330849,816853,-227450,1377,-97602685,80382
2021/01/07,自營商,56890,295348,72615044,1129800,50739,298532,68110482,1091470,6151,-3184,4504562,38330.0,142321,141046,141525843,1241065,108071,170996,39453263,1587121,34250,-29950,102072580,-346056
2021/01/07,投信,1445,0,4394360,0,291,0,883878,0,1154,0,3510482,0.0,18124,84,44517302,80,28564,1600,78305771,19661,-10440,-1516,-33788469,-19581
2021/01/07,外資及陸資,294226,138094,369460287,677526,285857,127352,371655654,667907,8369,10742,-2195367,9619.0,108848,98672,178718657,1322012,327935,86553,280112177,1103308,-219087,12119,-101393520,218704
2021/01/08,自營商,48111,308276,67316114,1316888,57314,303967,70483583,1419691,-9203,4309,-3167469,-102803.0,138175,157546,141920199,1528139,113122,183153,41241030,2113300,25053,-25607,100679169,-585161
2021/01/08,投信,977,1,3019055,4,175,1,538610,1,802,0,2480445,3.0,18150,84,45258687,78,27788,1600,77082576,24173,-9638,-1516,-31823889,-24095
2021/01/08,外資及陸資,309305,148674,409973670,855652,314193,159328,419131472,844434,-4888,-10654,-9157802,11218.0,112341,105573,189001837,1743929,336316,104108,301351361,1384373,-223975,1465,-112349524,359556
2021/01/11,自營商,53261,276683,65524079,1015078,56326,276736,62763554,1052107,-3065,-53,2760525,-37029.0,139527,174400,148705073,1602284,117737,200072,44596152,2239144,21790,-25672,104108921,-636860
2021/01/11,投信,48,1,149091,13,0,1,0,1,48,0,149091,12.0,18173,84,45569076,50,27763,1600,77418094,25097,-9590,-1516,-31849018,-25047
2021/01/11,外資及陸資,298601,144824,393286073,779305,301978,144421,403261266,734345,-3377,403,-9975193,44960.0,109569,115890,185739975,1845872,333483,114022,309251005,1475605,-223914,1868,-123511030,370267
2021/01/12,自營商,61101,358378,69520576,977793,55858,364873,70527103,1061998,5243,-6495,-1006527,-84205.0,142977,181808,152839607,1537590,115818,213992,49853284,2212047,27159,-32184,102986323,-674457
2021/01/12,投信,4,0,12430,0,85,0,263332,0,-81,0,-250902,0.0,18099,84,45254593,60,27770,1600,77255223,24354,-9671,-1516,-32000630,-24294
2021/01/12,外資及陸資,325886,176134,441192843,804125,325924,174977,441420897,758875,-38,1157,-228054,45250.0,114964,123137,193713378,1841351,336783,120112,316773527,1442070,-221819,3025,-123060149,399281
2021/01/13,自營商,61763,594097,77936378,1300551,64197,551755,76945272,1273603,-2434,42342,991106,26948.0,139726,129169,153090405,1543122,114577,167968,46885915,2505852,25149,-38799,106204490,-962730
2021/01/13,投信,913,9,2877244,28,120,10,375691,0,793,-1,2501553,28.0,18230,83,46463983,58,27108,1600,76536991,29610,-8878,-1517,-30073008,-29552
2021/01/13,外資及陸資,283365,195606,359611332,725881,283162,181516,366333518,667497,203,14090,-6722186,58384.0,122476,107461,201588119,2249835,344103,93735,333768930,1518086,-221627,13726,-132180811,731749
2021/01/14,自營商,49305,169467,59455710,637016,54039,192598,56576263,818617,-4734,-23131,2879447,-181601.0,143873,153998,160896538,1496484,123440,215938,52278817,2582856,20433,-61940,108617721,-1086372
2021/01/14,投信,1089,0,3422735,0,1314,0,4116244,0,-225,0,-693509,0.0,18247,83,46397284,40,27350,1600,77103112,28672,-9103,-1517,-30705828,-28632
2021/01/14,外資及陸資,275192,103833,341752676,614666,293746,111377,367706519,641900,-18554,-7544,-25953843,-27234.0,116744,111297,184290658,2163945,353328,105115,342209513,1507148,-236584,6182,-157918855,656797
2021/01/15,自營商,83236,408177,104229966,1657096,84085,405216,108113842,1678676,-849,2961,-3883876,-21580.0,140177,179587,155752467,1551954,120914,238658,51336368,2590085,19263,-59071,104416099,-1038131
2021/01/15,投信,3306,1,8533242,14,3152,1,8019590,0,154,0,513652,14.0,18186,83,46040672,62,27135,1600,76053295,26866,-8949,-1517,-30012623,-26804
2021/01/15,外資及陸資,473139,254549,677040868,1444713,465202,261714,662438489,1474782,7937,-7165,14602379,-30069.0,117946,117178,174886666,2067917,346572,118161,317147044,1494102,-228626,-983,-142260378,573815
2021/01/18,自營商,80480,388779,95364419,1154499,73424,400478,90699076,1249798,7056,-11699,4665343,-95299.0,143352,172560,158330249,1422186,117573,243476,49239393,2459283,25779,-70916,109090856,-1037097
2021/01/18,投信,20055,0,56435801,0,20238,0,56952641,0,-183,0,-516840,0.0,18095,83,45704832,44,27217,1600,76170564,26230,-9122,-1517,-30465732,-26186
2021/01/18,外資及陸資,457064,242817,594560770,1189317,458066,241678,604983487,1188013,-1002,1139,-10422717,1304.0,123656,121507,184245247,1960310,353284,121351,337114589,1419723,-229628,156,-152869342,540587
2021/01/19,自營商,77886,393878,93857760,953795,80862,369769,93901423,868483,-2976,24109,-43663,85312.0,141002,201754,157306943,1717434,118163,248608,45945328,2918337,22839,-46854,111361615,-1200903
2021/01/19,投信,21390,1,55585057,12,20376,1,52446511,0,1014,0,3138546,12.0,18395,83,47332474,30,26503,1600,75238195,31806,-8108,-1517,-27905721,-31776
2021/01/19,外資及陸資,372276,184398,499750644,778591,374129,181118,506367685,789751,-1853,3280,-6617041,-11160.0,116286,122691,157383729,2470074,347761,119255,319909277,1695797,-231475,3436,-162525548,774277
2021/01/20,自營商,99951,525807,115734722,1193043,99701,537599,116639669,1238587,250,-11792,-904947,-45544.0,108994,78026,119945838,865488,88004,83316,32653450,943679,20990,-5290,87292388,-78191
2021/01/20,投信,191,72,594846,1215,727,8,2291543,0,-536,64,-1696697,1215.0,18282,75,46693326,1292,26926,0,76105130,0,-8644,75,-29411804,1292
2021/01/20,外資及陸資,378860,353496,510160863,1054679,386044,356209,507094076,1060930,-7184,-2713,3066787,-6251.0,67190,41482,127606276,683274,274092,48798,245392606,725180,-206902,-7316,-117786330,-41906
2021/01/21,自營商,63729,349761,79159709,1644444,59252,362540,75591891,1729270,4477,-12779,3567818,-84826.0,113213,120738,126512104,1317168,87914,138780,32998569,1619694,25299,-18042,93513535,-302526
2021/01/21,投信,1612,0,5181994,0,397,2500,1267742,18011,1215,-2500,3914252,-18011.0,18217,75,47682777,841,25646,2500,73924525,18300,-7429,-2425,-26241748,-17459
2021/01/21,外資及陸資,384971,171515,526432510,1068299,388131,165256,536316636,1037261,-3160,6259,-9884126,31038.0,66389,66751,120934597,1030259,272863,67798,252159894,1032047,-206474,-1047,-131225297,-1788
2021/01/22,自營商,44566,215338,57456949,967023,51475,225647,56852172,1110458,-6909,-10309,604777,-143435.0,114466,138035,129226067,1223022,96016,166419,36340396,1584201,18450,-28384,92885671,-361179
2021/01/22,投信,666,0,1667193,0,730,0,2298446,0,-64,0,-631253,0.0,18491,75,47950526,964,25984,2500,74548476,17250,-7493,-2425,-26597950,-16286
2021/01/22,外資及陸資,307628,109643,403704359,669949,323421,113795,434009642,702669,-15793,-4152,-30305283,-32720.0,68163,72635,117408706,969292,288030,77834,277860400,1001820,-219867,-5199,-160451694,-32528
2021/01/25,自營商,57922,318401,75617044,1160979,66345,333482,75654068,1264212,-8423,-15081,-37024,-103233.0,111621,140295,130103004,1179010,101720,183766,37920421,1587615,9901,-43471,92182583,-408605
2021/01/25,投信,43,0,136899,0,450,0,1430956,0,-407,0,-1294057,0.0,18347,75,47258812,1001,26247,2500,75027485,16675,-7900,-2425,-27768673,-15674
2021/01/25,外資及陸資,359075,200542,462123954,1045973,360850,200645,468169328,1051195,-1775,-103,-6045374,-5222.0,68848,84257,119671461,987227,290490,89559,285128820,1018989,-221642,-5302,-165457359,-31762
2021/01/26,自營商,73753,464115,93261835,1507097,72349,466423,94938837,1509511,1404,-2308,-1677002,-2414.0,114737,163489,131651069,1278264,102562,209272,42944306,1638266,12175,-45783,88706763,-360002
2021/01/26,投信,16,0,49920,0,1251,0,3910640,0,-1235,0,-3860720,0.0,18080,75,45566354,1414,27215,2500,76699767,19675,-9135,-2425,-31133413,-18261
2021/01/26,外資及陸資,419717,281695,576960938,1318753,419715,276208,566342805,1318794,2,5487,10618133,-41.0,69680,96979,120320112,1063985,285014,96794,271518088,1062305,-215334,185,-151197976,1680
2021/01/27,自營商,55038,615564,67093990,1244463,57728,609097,71904795,1189419,-2690,6467,-4810805,55044.0,113222,111815,127677844,1133858,103860,137377,43752678,1387504,9362,-25562,83925166,-253646
2021/01/27,投信,29,7,62024,27,159,8,419398,0,-130,-1,-357374,27.0,17929,74,45252380,1299,27194,2500,76799215,16825,-9265,-2426,-31546835,-15526
2021/01/27,外資及陸資,343877,289776,465201003,936474,344246,282124,466215304,915552,-369,7652,-1014301,20922.0,71636,82019,124057477,989672,287260,79932,276592195,966918,-215624,2087,-152534718,22754
2021/01/28,自營商,61131,284628,77866639,1235380,61448,285147,78989528,1270063,-317,-519,-1122889,-34683.0,117314,156468,128362748,1268124,108257,182519,47136647,1525665,9057,-26051,81226101,-257541
2021/01/28,投信,91,0,248543,0,939,0,2865314,0,-848,0,-2616771,0.0,17509,74,43165233,1875,27622,2500,76776799,23038,-10113,-2426,-33611566,-21163
2021/01/28,外資及陸資,431865,148453,574976256,879079,424653,146146,570885109,867490,7212,2307,4091147,11589.0,74194,91800,124214271,1042094,282621,87406,269424130,1010037,-208427,4394,-145209859,32057
2021/01/29,自營商,66963,366934,89255823,1475750,66119,373162,91763115,1446737,844,-6228,-2507292,29013.0,117812,162740,128049206,1397652,107986,194999,50850673,1696727,9826,-32259,77198533,-299075
2021/01/29,投信,9,0,2219,0,1159,0,3475255,0,-1150,0,-3473036,0.0,17224,74,41464518,2685,28487,2500,77853936,32425,-11263,-2426,-36389418,-29740
2021/01/29,外資及陸資,468036,225706,616258085,1349106,444090,215272,579491150,1306257,23946,10434,36766935,42849.0,84652,107116,135741394,1234478,272754,92288,241446505,1105855,-188102,14828,-105705111,128623
2021/02/01,自營商,62466,356437,74615076,1328188,59182,348530,72637992,1283405,3284,7907,1977084,44783.0,119770,187329,130723328,1297007,106723,211674,49790785,1438283,13047,-24345,80932543,-141276
2021/02/01,投信,1369,0,4180656,0,403,0,1212538,0,966,0,2968118,0.0,17404,74,42861983,1754,27701,2500,76999787,18313,-10297,-2426,-34137804,-16559
2021/02/01,外資及陸資,426318,234568,511726820,1235646,422280,232414,516284989,1226364,4038,2154,-4558169,9282.0,89765,116008,138728120,1053924,273894,98895,251515303,952690,-184129,17113,-112787183,101234
2021/02/02,自營商,72171,443200,87836312,1402766,72156,422444,89177703,1365153,15,20756,-1341391,37613.0,120213,213327,134459808,1629091,107100,216912,52697476,1636445,13113,-3585,81762332,-7354
2021/02/02,投信,2314,0,7178889,0,637,0,1909922,0,1677,0,5268967,0.0,17704,74,44914048,897,26324,2500,74652041,9225,-8620,-2426,-29737993,-8328
2021/02/02,外資及陸資,367069,222697,465654700,1014038,368690,223148,461607716,1055224,-1621,-451,4046984,-41186.0,91527,122123,145022149,1176959,277277,105461,256759764,1090888,-185750,16662,-111737615,86071
2021/02/03,自營商,66748,470331,77385797,1001814,70894,484609,71097940,1153782,-4146,-14278,6287857,-151968.0,121651,113463,135537645,1160770,112594,142752,47408896,1379106,9057,-29289,88128749,-218336
2021/02/03,投信,3360,7,7574081,46,3375,7,7591067,0,-15,0,-16986,46.0,17681,74,44916254,821,26316,2500,74711795,6400,-8635,-2426,-29795541,-5579
2021/02/03,外資及陸資,346974,272352,410298980,899196,358488,273064,425365148,927829,-11514,-712,-15066168,-28633.0,84448,101381,124204404,1016744,281742,85318,251045308,935182,-197294,16063,-126840904,81562
2021/02/04,自營商,67819,183048,76080677,735188,69818,181979,76834944,754498,-1999,1069,-754267,-19310.0,123771,124558,137322466,1129958,116698,152786,50461855,1327027,7073,-28228,86860611,-197069
2021/02/04,投信,20596,0,59832322,0,21031,0,61099867,0,-435,0,-1267545,0.0,17683,74,44571573,815,26753,2500,75480771,4315,-9070,-2426,-30909198,-3500
2021/02/04,外資及陸資,362058,87899,474854550,576886,366022,94445,472570641,602697,-3964,-6546,2283909,-25811.0,82947,99093,129443940,911719,284196,89576,253138092,871463,-201249,9517,-123694152,40256
2021/02/05,自營商,74973,220995,81996925,847344,72764,213238,81236764,861117,2209,7757,760161,-13773.0,122798,142181,135609844,1147000,114005,162699,47366523,1351702,8793,-20518,88243321,-204702
2021/02/05,投信,18800,1,48484991,4,18376,1,47158722,1,424,0,1326269,3.0,17672,74,44682171,563,26318,2500,74487881,2580,-8646,-2426,-29805710,-2017
2021/02/05,外資及陸資,339025,111089,475564679,660892,336644,115838,480299768,693940,2381,-4749,-4735089,-33048.0,86182,97997,137467474,903281,285053,93229,266779149,911951,-198871,4768,-129311675,-8670
2021/02/17,自營商,86061,469178,97871950,1334122,88928,431074,100316321,1218794,-2867,38104,-2444371,115328.0,101796,79327,121470123,1129321,90282,70234,35684622,934947,11514,9093,85785501,194374
2021/02/17,投信,2405,71,7822441,1062,133,10,440738,0,2272,61,7381703,1062.0,18214,71,48221856,1015,24318,0,71415249,0,-6104,71,-23193393,1015
2021/02/17,外資及陸資,280316,121526,374160317,564375,278280,125716,370992573,593835,2036,-4190,3167744,-29460.0,59630,26616,115464634,534496,241835,37449,229989106,838583,-182205,-10833,-114524472,-304087
2021/02/18,自營商,46927,227960,53819788,910681,57900,235899,54051426,1017298,-10973,-7939,-231638,-106617.0,103060,105570,123174765,1237836,102501,104386,37546442,1148177,559,1184,85628323,89659
2021/02/18,投信,596,0,1953672,0,77,2500,252301,17723,519,-2500,1701371,-17723.0,18210,71,48310590,927,23795,2500,69884288,17525,-5585,-2429,-21573698,-16598
2021/02/18,外資及陸資,307147,106153,382528223,661082,325365,105277,410107842,620582,-18218,876,-27579619,40500.0,63009,37100,112937476,617379,263462,47057,255144218,892742,-200453,-9957,-142206742,-275363
2021/02/19,自營商,41478,200860,53353136,766128,49920,207799,53896782,828570,-8442,-6939,-543646,-62442.0,103720,120245,125348020,1252530,111402,125971,40822973,1216985,-7682,-5726,84525047,35545
2021/02/19,投信,5,0,16312,0,375,0,1221055,0,-370,0,-1204743,0.0,18059,71,47587445,1014,24014,2500,70270322,17625,-5955,-2429,-22682877,-16611
2021/02/19,外資及陸資,300194,140388,402585385,774989,304510,150213,399231714,836458,-4316,-9825,3353671,-61469.0,63336,39313,109544679,611562,268114,59095,247507784,928745,-204778,-19782,-137963105,-317183
2021/02/22,自營商,52559,290179,61001166,1000851,53877,287291,59283028,1012780,-1318,2888,1718138,-11929.0,104974,147246,127800071,1368683,114154,150060,41396781,1343773,-9180,-2814,86403290,24910
2021/02/22,投信,182,0,597925,0,16,0,52428,0,166,0,545497,0.0,18209,71,48252489,888,23998,2500,70504116,16875,-5789,-2429,-22251627,-15987
2021/02/22,外資及陸資,317107,183924,403517858,987618,334927,179676,419737788,931957,-17820,4248,-16219930,55661.0,62310,52671,105453955,722350,282211,68205,260131124,1006721,-219901,-15534,-154677169,-284371
2021/02/23,自營商,53169,302179,62898652,916424,55492,301701,63762107,873465,-2323,478,-863455,42959.0,105376,156083,129395587,1413039,118506,158109,44266330,1331788,-13130,-2026,85129257,81251
2021/02/23,投信,232,0,762379,0,7,0,23002,0,225,0,739377,0.0,18223,71,48419777,800,23787,2500,70005197,16325,-5564,-2429,-21585420,-15525
2021/02/23,外資及陸資,293211,189912,380151319,853394,298915,192674,386865905,931686,-5704,-2762,-6714586,-78292.0,64897,53728,108893199,759614,290502,72022,270183953,1113346,-225605,-18294,-161290754,-353732
2021/02/24,自營商,75533,514763,83907592,1194328,68950,525766,88012200,1207668,6583,-11003,-4104608,-13340.0,107904,117643,125248071,1328988,114867,109195,45578237,1187955,-6963,8448,79669834,141033
2021/02/24,投信,278,7,58270,25,826,6,2671449,0,-548,1,-2613179,25.0,18330,72,47163605,1178,24442,2500,71035850,17525,-6112,-2428,-23872245,-16347
2021/02/24,外資及陸資,373578,324881,504891780,1094066,390200,332935,510393905,1162508,-16622,-8054,-5502125,-68442.0,62652,48923,104749710,783129,297408,70038,268540662,1162564,-234756,-21115,-163790952,-379435
2021/02/25,自營商,60179,215815,66902840,1053438,54307,212552,64116178,881866,5872,3263,2786662,171572.0,113334,142187,130349382,1530229,114347,130530,46857826,1240277,-1013,11657,83491556,289952
2021/02/25,投信,999,0,3273372,0,40,0,130220,0,959,0,3143152,0.0,18746,72,49122200,789,23899,2500,70160171,14175,-5153,-2428,-21037971,-13386
2021/02/25,外資及陸資,326778,128526,394247966,765621,325079,125397,387022135,879494,1699,3129,7225831,-113873.0,76647,61549,115752325,790582,309704,79535,274592140,1320943,-233057,-17986,-158839815,-530361
2021/02/26,自營商,58895,269935,78322159,1182498,59547,287027,80227114,1305059,-652,-17092,-1904955,-122561.0,119190,153827,133171088,1650049,120861,159182,54233267,1419788,-1671,-5355,78937821,230261
2021/02/26,投信,176,0,560492,0,1361,0,3729559,0,-1185,0,-3169067,0.0,18566,72,47756229,1625,24904,2500,71377226,20250,-6338,-2428,-23620997,-18625
2021/02/26,外資及陸資,382020,191703,553375564,1107663,398873,200886,562605559,1121481,-16853,-9183,-9229995,-13818.0,71534,62985,111754379,952478,318801,90154,274556635,1473634,-247267,-27169,-162802256,-521156
2021/03/02,自營商,58503,386812,69067770,1264215,52519,377251,69298427,1141149,5984,9561,-230657,123066.0,123302,165398,133847452,1599840,118941,161254,55160778,1275257,4361,4144,78686674,324583
2021/03/02,投信,5,0,7632,0,245,3,779512,51,-240,-3,-771880,-51.0,18526,69,47548623,1481,25104,2500,71903652,17300,-6578,-2431,-24355029,-15819
2021/03/02,外資及陸資,376985,233225,514770365,1136989,367548,224196,495277599,1116396,9437,9029,19492766,20593.0,78035,72819,124312852,947471,315898,90959,267258343,1424164,-237863,-18140,-142945491,-476693
2021/03/03,自營商,52108,528608,66788600,1108814,52204,511756,67583896,1093131,-96,16852,-795296,15683.0,125227,124522,134097057,1414537,120590,118530,54616632,1106675,4637,5992,79480425,307862
2021/03/03,投信,792,7,2559987,21,115,7,371421,0,677,0,2188566,21.0,18657,69,48799684,895,24558,2500,71385604,10750,-5901,-2431,-22585920,-9855
2021/03/03,外資及陸資,325438,272987,412540639,935561,313597,268435,408193424,921993,11841,4552,4347215,13568.0,84156,60862,124978808,766807,310177,75739,266206839,1205049,-226021,-14877,-141228031,-438242
2021/03/04,自營商,59780,291616,75346774,1187167,62460,303830,76719380,1222382,-2680,-12214,-1372606,-35215.0,127566,151851,133381057,1460917,125729,158016,56762017,1162065,1837,-6165,76619040,298852
2021/03/04,投信,49,0,156028,0,694,0,2179376,0,-645,0,-2023348,0.0,18665,69,48044466,1338,25211,2500,72300612,13025,-6546,-2431,-24256146,-11687
2021/03/04,外資及陸資,382402,162859,535482052,939152,387616,169169,538147831,968380,-5214,-6310,-2665779,-29228.0,80194,66782,116783124,851712,311538,87969,257585320,1303089,-231344,-21187,-140802196,-451377
2021/03/05,自營商,55475,288063,69911356,1212345,52942,281578,69394897,1196061,2533,6485,516459,16284.0,128038,174540,134298234,1550263,123929,174251,57462786,1241448,4109,289,76835448,308815
2021/03/05,投信,16,0,50714,0,532,0,1685072,0,-516,0,-1634358,0.0,18575,69,47538797,1460,25637,2500,73316375,13075,-7062,-2431,-25777578,-11615
2021/03/05,外資及陸資,398953,204468,557788388,1214241,400874,205480,561110880,1170716,-1921,-1012,-3322492,43525.0,81421,69953,117249969,890482,312289,92152,260652740,1291914,-230868,-22199,-143402771,-401432
2021/03/08,自營商,63298,366127,80550781,1273526,62278,368235,80814974,1230129,1020,-2108,-264193,43397.0,129513,191547,136022944,1547905,124291,193357,59675595,1201312,5222,-1810,76347349,346593
2021/03/08,投信,8,0,25626,0,51,0,161255,0,-43,0,-135629,0.0,18526,69,47272671,1446,25631,2500,73157275,11000,-7105,-2431,-25884604,-9554
2021/03/08,外資及陸資,402641,247731,549916482,1288723,396229,246775,533381842,1325255,6412,956,16534640,-36532.0,85143,72947,123155574,843222,309599,94190,249312939,1262370,-224456,-21243,-126157365,-419148
2021/03/09,自營商,60459,371295,79019069,1088320,66306,392109,78111994,1184017,-5847,-20814,907075,-95697.0,130898,202335,139808355,1502230,131688,225050,62488479,1239945,-790,-22715,77319876,262285
2021/03/09,投信,366,0,1158061,0,12,0,37939,0,354,0,1120122,0.0,18684,69,47768759,1399,25435,2500,72540783,9425,-6751,-2431,-24772024,-8026
2021/03/09,外資及陸資,382466,277820,501318584,1241711,380405,272165,512723334,1201849,2061,5655,-11404750,39862.0,87765,78698,118532262,841545,310145,94286,256281295,1201453,-222380,-15588,-137749033,-359908
2021/03/10,自營商,52721,450745,65575335,891152,52223,451537,64128509,856385,498,-792,1446826,34767.0,130027,133035,135359179,1307965,130328,141850,56392529,987914,-301,-8815,78966650,320051
2021/03/10,投信,51,7,89725,33,21,7,66688,0,30,0,23037,33.0,18703,69,47946315,1184,25424,2500,72791149,5838,-6721,-2431,-24844834,-4654
2021/03/10,外資及陸資,296399,264038,379514407,906061,294796,256279,370727659,868005,1603,7759,8786748,38056.0,89735,72622,121339757,762723,310521,77389,250709867,1077894,-220786,-4767,-129370110,-315171
2021/03/11,自營商,52400,221644,68022485,767663,50851,213228,65183333,736543,1549,8416,2839152,31120.0,129396,148437,136569262,1416719,127089,148782,53242332,1059239,2307,-345,83326930,357480
2021/03/11,投信,1454,0,4701383,0,46,0,141552,0,1408,0,4559831,0.0,19040,69,49913618,524,24353,2500,70641083,3243,-5313,-2431,-20727465,-2719
2021/03/11,外資及陸資,295596,127305,378768734,734004,298624,129734,398450671,740242,-3028,-2429,-19681937,-6238.0,88002,84214,117094979,765850,314217,91410,268834859,1124660,-226215,-7196,-151739880,-358810
2021/03/12,自營商,49397,169361,55939030,511060,48286,170441,51086621,560051,1111,-1080,4852409,-48991.0,131571,162430,140624967,1387058,129890,163951,52149984,1060713,1681,-1521,88474983,326345
2021/03/12,投信,4335,0,9877449,0,4321,0,9806311,0,14,0,71138,0.0,19049,69,50109363,339,24348,2500,70836446,1848,-5299,-2431,-20727083,-1509
2021/03/12,外資及陸資,278342,107020,336978940,576157,287390,112566,347218989,607740,-9048,-5546,-10240049,-31583.0,85711,85003,110298118,710740,320974,97745,273044871,1119419,-235263,-12742,-162746753,-408679
2021/03/15,自營商,50861,207431,66480903,557721,52242,212189,66273075,583948,-1381,-4758,207828,-26227.0,133315,170241,145728147,1390747,133183,176792,57220404,1064101,132,-6551,88507743,326646
2021/03/15,投信,20621,2,62012361,30,20623,2,61976709,0,-2,0,35652,30.0,19051,69,49931835,315,24352,2500,70599053,953,-5301,-2431,-20667218,-638
2021/03/15,外資及陸資,328284,143340,399625393,648032,338110,149314,405483594,665534,-9826,-5974,-5858201,-17502.0,86995,88208,113623044,695846,329594,106924,282081239,1124602,-242599,-18716,-168458195,-428756
2021/03/16,自營商,67792,287113,85000575,621748,67011,256865,88516943,525495,781,30248,-3516368,96253.0,133297,193595,146502644,1489901,132198,169984,60916852,1063146,1099,23611,85585792,426755
2021/03/16,投信,18266,1,48302308,11,18014,1,47528849,0,252,0,773459,11.0,19285,69,50874190,105,24334,2500,70903207,670,-5049,-2431,-20029017,-565
2021/03/16,外資及陸資,326379,159389,409973080,587783,320007,164326,395368116,600508,6372,-4937,14604964,-12725.0,98074,85126,133267393,660585,334304,108779,288131600,1135987,-236230,-23653,-154864207,-475402
2021/03/17,自營商,79729,430856,91483616,676467,78684,439916,86214839,765702,1045,-9060,5268777,-89235.0,101870,75037,124407495,566637,91114,70061,36001834,606247,10756,4976,88405661,-39610
2021/03/17,投信,345,65,1117486,1141,439,66,1428130,68,-94,-1,-310644,1073.0,19157,68,50178646,1233,24350,0,70573065,0,-5193,68,-20394419,1233
2021/03/17,外資及陸資,225093,191429,271065749,569037,243963,206867,300470746,581728,-18870,-15438,-29404997,-12691.0,58726,29904,100011515,394387,293589,42897,257364270,361874,-234863,-12993,-157352755,32513
2021/03/18,自營商,40609,235970,51432431,817403,50346,224682,54956064,759320,-9737,11288,-3523633,58083.0,104188,104549,125067471,663900,103316,88375,39918975,650068,872,16174,85148496,13832
2021/03/18,投信,104,0,337719,0,57,1000,185143,7227,47,-1000,152576,-7227.0,19181,68,50490151,1023,24327,1000,70828911,7563,-5146,-932,-20338760,-6540
2021/03/18,外資及陸資,258641,121846,341961080,573424,262801,110720,338993973,555621,-4160,11126,2967107,17803.0,64824,50738,104396448,429498,303850,52605,259497632,382803,-239026,-1867,-155101184,46695
2021/03/19,自營商,45666,253477,65736918,883858,57085,279597,65077542,1000418,-11419,-26120,659376,-116560.0,103893,104963,128209094,661262,114593,114928,43668658,819634,-10700,-9965,84540436,-158372
2021/03/19,投信,65,0,208905,0,575,0,1841449,0,-510,0,-1632544,0.0,18717,68,48291547,1419,24373,1000,69983182,9625,-5656,-932,-21691635,-8206
2021/03/19,外資及陸資,287188,145501,392593079,739718,293533,148822,399986531,746874,-6345,-3321,-7393452,-7156.0,68538,54274,102653116,481712,313909,59462,262750931,434118,-245371,-5188,-160097815,47594
2021/03/22,自營商,42887,249431,54242349,778221,52283,232792,57455982,704258,-9396,16639,-3213633,73963.0,104604,123211,127128498,700783,124700,116606,45245718,742269,-20096,6605,81882780,-41486
2021/03/22,投信,519,0,1668861,0,64,0,206979,0,455,0,1461882,0.0,18753,68,48770417,1141,23954,1000,69172694,7713,-5201,-932,-20402277,-6572
2021/03/22,外資及陸資,299139,148733,367527764,657289,293136,141330,353124276,618165,6003,7403,14403488,39124.0,73160,64356,105367049,493226,312528,62141,252470212,406297,-239368,2215,-147103163,86929
2021/03/23,自營商,50212,240293,55164762,616539,43657,251132,49659892,675246,6555,-10839,5504870,-58707.0,109474,130346,132425907,682429,123066,134458,45122314,760893,-13592,-4112,87303593,-78464
2021/03/23,投信,609,0,1963733,0,23,0,74382,0,586,0,1889351,0.0,19338,68,50612225,1131,23953,1000,69104689,7550,-4615,-932,-18492464,-6419
2021/03/23,外資及陸資,278591,166129,294568175,657458,292708,165200,302514970,657287,-14117,929,-7946795,171.0,68736,66883,99976669,489254,322221,63739,254665874,401666,-253485,3144,-154689205,87588
2021/03/24,自營商,48303,361466,56945531,755303,49875,372923,58603805,756444,-1572,-11457,-1658274,-1141.0,112836,98329,132698049,631587,128147,90949,48161771,734422,-15311,7380,84536278,-102835
2021/03/24,投信,0,8,0,19,687,7,2195952,1,-687,1,-2195952,18.0,19184,68,49654357,1395,24486,1000,70184778,8938,-5302,-932,-20530421,-7543
2021/03/24,外資及陸資,253333,203663,312089340,641394,259256,221378,322703715,707917,-5923,-17715,-10614375,-66523.0,70953,41380,97098190,492621,330361,64902,260912818,449908,-259408,-23522,-163814628,42713
2021/03/25,自營商,43575,210097,48857374,722206,41817,201473,49632784,658867,1758,8624,-775410,63339.0,115177,124203,132087633,681605,128799,108208,47899554,723060,-13622,15995,84188079,-41455
2021/03/25,投信,75,0,240024,0,18,0,51913,0,57,0,188111,0.0,19241,68,49996347,1262,24486,1000,70403025,7900,-5245,-932,-20406678,-6638
2021/03/25,外資及陸資,273874,106178,346709849,548658,274119,98898,335500488,520405,-245,7280,11209361,28253.0,69899,51195,99830733,503265,329552,67437,252851408,429779,-259653,-16242,-153020675,73486
2021/03/26,自營商,43172,247980,54267808,765823,39415,240963,50930174,697998,3757,7017,3337634,67825.0,116234,142642,133448030,822303,126054,119709,44454505,770420,-9820,22933,88993525,51883
2021/03/26,投信,1080,0,3516139,0,2,0,6487,0,1078,0,3509652,0.0,19557,68,51831137,802,23724,1000,69051710,5700,-4167,-932,-17220573,-4898
2021/03/26,外資及陸資,250317,132861,334125165,623294,237669,124078,318866977,595274,12648,8783,15258188,28020.0,82689,60451,120937238,525761,329694,67910,261229768,409240,-247005,-7459,-140292530,116521
2021/03/29,自營商,44146,255492,51225645,859838,50569,253404,52855434,867693,-6423,2088,-1629789,-7855.0,117720,160239,136010641,955599,133963,135241,48006702,907335,-16243,24998,88003939,48264
2021/03/29,投信,141,0,462666,0,42,0,137967,0,99,0,324699,0.0,19639,68,52489943,652,23707,1000,69516486,5513,-4068,-932,-17026543,-4861
2021/03/29,外資及陸資,248691,148601,308193308,676838,250782,152859,304318055,722332,-2091,-4258,3875253,-45494.0,79781,64138,117241907,552081,331577,75855,254772807,461952,-251796,-11717,-137530900,90129
2021/03/30,自營商,34917,256435,44490292,646913,39781,263356,45821433,628630,-4864,-6921,-1331141,18283.0,117098,163961,136834060,1035872,138247,145884,49582669,971848,-21149,18077,87251391,64024
2021/03/30,投信,384,0,1268679,0,117,0,386520,0,267,0,882159,0.0,19598,68,52703955,502,23399,1000,68964656,5056,-3801,-932,-16260701,-4554
2021/03/30,外資及陸資,205546,142635,264969316,551738,199512,141378,258778486,578674,6034,1257,6190830,-26936.0,84595,66344,123364965,589878,330357,76804,255864664,501677,-245762,-10460,-132499699,88201
2021/03/31,自營商,36864,311067,49301685,600055,39940,308038,50655131,671769,-3076,3029,-1353446,-71714.0,117521,98438,136440022,715399,141519,97695,51040531,790839,-23998,743,85399491,-75440
2021/03/31,投信,39,7,128111,8,414,10,1354828,28,-375,-3,-1226717,-20.0,19441,65,51861741,557,23617,1000,69253683,4744,-4176,-935,-17391942,-4187
2021/03/31,外資及陸資,204480,199397,241920001,567763,218851,199702,255726953,598454,-14371,-305,-13806952,-30691.0,74636,48906,110155483,474408,334769,62625,255180265,451376,-260133,-13719,-145024782,23032
2021/04/01,自營商,37413,172183,44318773,570554,37843,169264,45200903,536065,-430,2919,-882130,34489.0,117285,122606,134412856,817514,141932,118927,49082234,871042,-24647,3679,85330622,-53528
2021/04/01,投信,317,0,1049161,0,159,0,526080,0,158,0,523081,0.0,19381,65,52075595,399,23399,1000,69074412,4388,-4018,-935,-16998817,-3989
2021/04/01,外資及陸資,237505,90596,286237650,429590,232543,91041,276880082,456511,4962,-445,9357568,-26921.0,82794,56725,118192500,525738,337965,70889,255220392,532679,-255171,-14164,-137027892,-6941
2021/04/06,自營商,39110,276561,52729121,753381,47680,251109,56640146,689882,-8570,25452,-3911025,63499.0,116420,160698,134738695,927467,149673,131572,52343629,956222,-33253,29126,82395066,-28755
2021/04/06,投信,714,0,2389050,0,3,0,10043,0,711,0,2379007,0.0,19552,65,53209551,197,22859,1000,68017375,4300,-3307,-935,-14807824,-4103
2021/04/06,外資及陸資,241403,143168,274224650,588530,242460,143653,270447806,573990,-1057,-485,3776844,14540.0,87232,62946,124613877,581695,343481,77595,259635327,595136,-256249,-14649,-135021450,-13441
2021/04/07,自營商,42798,268333,49289717,493461,47199,279760,46189927,538693,-4401,-11427,3099790,-45232.0,117600,114528,138289078,845295,155027,110889,52534187,928326,-37427,3639,85754891,-83031
2021/04/07,投信,66,273,218822,2790,192,7,643128,0,-126,266,-424306,2790.0,19457,65,53004153,138,22868,734,68200679,1126,-3411,-669,-15196526,-988
2021/04/07,外資及陸資,218264,153225,217312102,410927,224719,148654,232564094,419857,-6455,4571,-15251992,-8930.0,84006,53599,106814498,549582,346709,70672,257716028,564941,-262703,-17073,-150901530,-15359
2021/04/08,自營商,43609,223568,47015358,645128,45331,210040,47081893,617673,-1722,13528,-66535,27455.0,120279,149345,142352262,1023776,159428,132238,55904657,1092242,-39149,17107,86447605,-68466
2021/04/08,投信,453,264,1533111,444,11,2,34670,1,442,262,1498441,443.0,19573,65,53885645,70,22542,472,67729893,583,-2969,-407,-13844248,-513
2021/04/08,外資及陸資,241920,100567,266078484,453833,245939,100566,266674541,443059,-4019,1,-596057,10774.0,84274,64419,110296311,676101,350996,81491,263566485,667719,-266722,-17072,-153270174,8382
2021/04/09,自營商,46723,210852,44649271,568634,53258,215955,47902534,624473,-6535,-5103,-3253263,-55839.0,120840,157371,142305447,927934,166524,145360,59515088,1043727,-45684,12011,82790359,-115793
2021/04/09,投信,93,0,311661,0,46,0,154906,0,47,0,156755,0.0,19632,65,53793966,101,22554,472,67414088,613,-2922,-407,-13620122,-512
2021/04/09,外資及陸資,272684,104887,254719544,571400,289485,115022,271506392,600725,-16801,-10135,-16786848,-29325.0,76400,69424,97573246,776511,359923,96631,266200519,814661,-283523,-27207,-168627273,-38150
2021/04/12,自營商,53017,244375,52034454,608143,59334,245950,53269269,597967,-6317,-1575,-1234815,10176.0,122609,166157,142366870,903518,174580,155751,60990290,1004187,-51971,10406,81376580,-100669
2021/04/12,投信,31,1,104464,2,52,1,175117,0,-21,0,-70653,2.0,19613,65,53690748,84,22556,472,67384155,501,-2943,-407,-13693407,-417
2021/04/12,外資及陸資,294265,138204,280883747,572541,286869,136572,279309962,575873,7396,1632,1573785,-3332.0,80151,80790,97257906,822213,356278,106345,263949875,867954,-276127,-25555,-166691969,-45741
2021/04/13,自營商,76483,403927,79533807,849362,70168,399338,77264833,878782,6315,4589,2268974,-29420.0,128909,179142,147732418,897201,174532,164207,64152956,1032860,-45623,14935,83579462,-135659
2021/04/13,投信,2,0,6716,0,568,0,1908034,0,-566,0,-1901318,0.0,19451,65,53021345,87,22960,472,68581716,461,-3509,-407,-15560371,-374
2021/04/13,外資及陸資,376946,187636,345228824,683492,374393,190111,343513673,687085,2553,-2475,1715151,-3593.0,82109,82877,102171856,819898,355683,110907,266805900,880307,-273574,-28030,-164634044,-60409
2021/04/14,自營商,90820,584731,90745399,1158675,85697,610963,88528689,1274759,5123,-26232,2216710,-116084.0,130124,124991,144556920,871965,170637,127740,58362131,1069325,-40513,-2749,86194789,-197360
2021/04/14,投信,88,7,296688,11,22,7,73462,0,66,0,223226,11.0,19520,65,53472711,56,22963,472,68870367,403,-3443,-407,-15397656,-347
2021/04/14,外資及陸資,482634,357900,445863522,1079850,478104,349565,442125687,1073831,4530,8335,3737835,6019.0,85082,76533,101278847,832379,354118,101894,263070154,890514,-269036,-25361,-161791307,-58135
2021/04/15,自營商,55167,241393,61949479,770168,57653,239299,60237711,720779,-2486,2094,1711768,49389.0,129707,147457,146844520,1124653,172706,148140,57853223,1325341,-42999,-683,88991297,-200688
2021/04/15,投信,638,0,2173316,0,45,0,151874,0,593,0,2021442,0.0,19576,65,54312122,21,22426,472,67888748,496,-2850,-407,-13576626,-475
2021/04/15,外資及陸資,336665,129347,340958000,658825,338371,130316,338004252,660461,-1706,-969,2953748,-1636.0,88566,81911,104030472,984096,359308,108241,264791138,997426,-270742,-26330,-160760666,-13330
2021/04/16,自營商,55399,260381,63481057,762284,61014,262371,62196160,770483,-5615,-1990,1284897,-8199.0,129819,153674,150211918,1162644,178298,156359,59830178,1380178,-48479,-2685,90381740,-217534
2021/04/16,投信,4175,3,9802061,33,3718,4,8221864,1,457,-1,1580197,32.0,19816,64,55378607,35,22209,472,67442353,533,-2393,-408,-12063746,-498
2021/04/16,外資及陸資,349766,138386,378502695,680157,356323,139762,393489442,702667,-6557,-1376,-14986747,-22510.0,91865,83067,105998791,1015774,366914,110773,282252874,1053685,-275049,-27706,-176254083,-37911
2021/04/19,自營商,70855,262753,76201894,690985,84124,227745,82856814,591825,-13269,35008,-6654920,99160.0,128695,183326,148510245,1307244,188844,150965,64559373,1464140,-60149,32361,83950872,-156896
2021/04/19,投信,20867,0,66813329,0,20376,0,65102083,0,491,0,1711246,0.0,19988,64,56230285,27,21892,472,66659246,627,-1904,-408,-10428961,-600
2021/04/19,外資及陸資,401209,128722,379376622,572927,409524,129229,363729308,581897,-8315,-507,15647314,-8970.0,99168,86181,119613691,1095750,382532,114394,280771213,1137260,-283364,-28213,-161157522,-41510
2021/04/20,自營商,83442,250405,83696172,499628,89953,258100,80099989,530234,-6511,-7695,3596183,-30606.0,131123,191357,154034905,1340992,197909,166675,66410640,1546672,-66786,24682,87624265,-205680
2021/04/20,投信,17395,0,47994839,0,17315,0,47945026,0,80,0,49813,0.0,20018,64,56350706,23,21842,472,66749301,658,-1824,-408,-10398595,-635
2021/04/20,外資及陸資,378095,155163,366035896,574890,398164,157177,385446846,587483,-20069,-2014,-19410950,-12593.0,104353,93332,116038071,1144719,407781,123559,297474223,1198421,-303428,-30227,-181436152,-53702
2021/04/21,自營商,96464,395854,102529427,765180,101875,404295,108001749,823805,-5411,-8441,-5472322,-58625.0,107575,72144,130532051,678543,144170,71775,41378441,799504,-36595,369,89153610,-120961
2021/04/21,投信,88,58,299035,1011,586,6,1990226,0,-498,52,-1691191,1011.0,19590,61,54480476,1046,22062,0,67008074,0,-2472,61,-12527598,1046
2021/04/21,外資及陸資,318512,245302,325480842,731757,341833,253444,337388806,755096,-23321,-8142,-11907964,-23339.0,61509,50172,88456034,701829,382961,60918,267308196,623469,-321452,-10746,-178852162,78360
2021/04/22,自營商,81121,304478,66936194,1023384,74214,302692,68893385,1099048,6907,1786,-1957191,-75664.0,119084,114031,135639261,788368,148766,111872,48438209,964650,-29682,2159,87201052,-176282
2021/04/22,投信,7,0,23954,0,245,0,822723,0,-238,0,-798769,0.0,19557,61,54298135,1090,22267,0,67605500,0,-2710,61,-13307365,1090
2021/04/22,外資及陸資,549190,154687,470280202,776560,561187,156791,476389730,797640,-11997,-2104,-6109528,-21080.0,65455,66411,85485769,758550,395604,79261,269245736,709404,-330149,-12850,-183759967,49146
2021/04/23,自營商,49566,212632,47485442,744115,44870,206861,47455172,672063,4696,5771,30270,72052.0,121056,127288,135633580,845469,146072,119346,47544166,970852,-25016,7942,88089414,-125383
2021/04/23,投信,286,0,987013,0,7,0,23987,0,279,0,963026,0.0,19630,61,55025950,809,22061,0,67486511,0,-2431,61,-12460561,809
2021/04/23,外資及陸資,377502,115605,342221783,580605,379510,115792,339626254,572368,-2008,-187,2595529,8237.0,75860,71806,95519250,736495,408017,84843,279201433,681427,-332157,-13037,-183682183,55068
2021/04/26,自營商,51340,289563,53027802,906799,53313,278961,54798371,835505,-1973,10602,-1770569,71294.0,123931,149566,139918504,1147776,150866,131008,52237095,1200014,-26935,18558,87681409,-52238
2021/04/26,投信,885,0,3096935,0,8,0,28015,0,877,0,3068920,0.0,19864,61,56689541,528,21418,0,66288854,0,-1554,61,-9599313,528
2021/04/26,外資及陸資,328972,151892,324523394,659508,346028,148570,329137632,656512,-17056,3322,-4614238,2996.0,79146,82725,99164629,855123,428359,92440,291221469,803235,-349213,-9715,-192056840,51888
2021/04/27,自營商,50318,273387,52625718,662369,51926,289731,49453244,710919,-1608,-16344,3172474,-48550.0,125546,162978,145559908,1168220,154089,160768,54489715,1269147,-28543,2210,91070193,-100927
2021/04/27,投信,37,0,129881,0,24,0,84329,0,13,0,45552,0.0,19880,61,56875628,485,21421,0,66454234,0,-1541,61,-9578606,485
2021/04/27,外資及陸資,350120,159742,314693849,630067,380484,160175,324194053,632169,-30364,-433,-9500204,-2102.0,76473,84664,98407167,870970,456056,94812,300149773,818491,-379583,-10148,-201742606,52479
2021/04/28,自營商,46331,351148,43161036,607358,50463,347247,43097614,664698,-4132,3901,63422,-57340.0,125560,99016,142817127,804740,157907,100609,51749636,999369,-32347,-1593,91067491,-194629
2021/04/28,投信,21,6,23571,13,6,6,21035,0,15,0,2536,13.0,19897,61,56747501,513,21423,0,66298372,0,-1526,61,-9550871,513
2021/04/28,外資及陸資,295009,161841,247166846,466543,305102,168989,259990038,489776,-10093,-7148,-12823192,-23233.0,73993,75835,87482159,804280,463674,84000,301784531,786045,-389681,-8165,-214302372,18235
2021/04/29,自營商,51942,223278,57440898,792359,53638,222634,56106593,761093,-1696,644,1334305,31266.0,127804,122984,145382994,832978,161829,123931,52868297,1006392,-34025,-947,92514697,-173414
2021/04/29,投信,43,0,151092,0,51,0,179104,0,-8,0,-28012,0.0,19907,61,56908944,423,21441,0,66504706,0,-1534,61,-9595762,423
2021/04/29,外資及陸資,363932,104325,375179559,523365,372929,101861,369840493,534354,-8997,2464,5339066,-10989.0,75917,85569,92890099,808414,474643,91270,302917383,801298,-398726,-5701,-210027284,7116
2021/05/03,自營商,69955,350299,79671300,953107,64181,379745,76270787,1178199,5774,-29446,3400513,-225092.0,136912,135699,150860556,785361,165232,166098,56583827,1148601,-28320,-30399,94276729,-363240
2021/05/03,投信,243,0,838716,0,703,0,2425086,0,-460,0,-1586370,0.0,20120,61,56618898,790,22114,0,67630591,0,-1994,61,-11011693,790
2021/05/03,外資及陸資,455219,196297,459267863,850057,456546,206169,485576553,868673,-1327,-9872,-26308690,-18616.0,80359,89601,91783982,832999,480979,105174,322908368,806051,-400620,-15573,-231124386,26948
2021/05/04,自營商,102867,555358,106624477,1934028,81552,577432,103849722,1995745,21315,-22074,2774755,-61717.0,145535,145602,151844906,960260,152726,198072,56136739,1350023,-7191,-52470,95708167,-389763
2021/05/04,投信,125,0,423235,0,863,0,2924541,0,-738,0,-2501306,0.0,20108,61,55571786,1371,22840,0,68871968,0,-2732,61,-13300182,1371
2021/05/04,外資及陸資,691086,308709,631256853,1480018,670071,313120,640231069,1519023,21015,-4411,-8974216,-39005.0,83693,105776,92860447,1067285,458924,125760,328479580,1073882,-375231,-19984,-235619133,-6597
2021/05/05,自營商,77475,480472,75639023,1284366,76715,473557,80517959,1168168,760,6915,-4878936,116198.0,146655,113797,144755106,855661,153426,137634,55192361,1118339,-6771,-23837,89562745,-262678
2021/05/05,投信,5,6,16765,23,701,6,2359804,59,-696,0,-2343039,-36.0,19918,61,54384678,1669,23346,0,69884098,0,-3428,61,-15499420,1669
2021/05/05,外資及陸資,516071,317217,493235355,1091479,501700,311269,480228652,1084114,14371,5948,13006703,7365.0,88503,86533,88633732,1061538,442358,101578,307625683,1024639,-353855,-15045,-218991951,36899
2021/05/06,自營商,72493,306913,77260945,1324738,68196,305283,76762225,1272157,4297,1630,498720,52581.0,151373,136945,147392234,882064,152953,159151,56282358,1096741,-1580,-22206,91109876,-214677
2021/05/06,投信,448,0,1512303,0,37,0,126091,0,411,0,1386212,0.0,20051,61,55415635,1213,23068,0,69699892,0,-3017,61,-14284257,1213
2021/05/06,外資及陸資,537630,184178,523674116,1066770,522152,183483,499997727,1095186,15478,695,23676389,-28416.0,96447,95074,102222157,929721,434824,109424,300728004,882347,-338377,-14350,-198505847,47374
2021/05/07,自營商,59074,282966,63576856,986837,70458,275626,62801156,935434,-11384,7340,775700,51403.0,147113,149099,148701996,925790,159483,163914,55101544,1090953,-12370,-14815,93600452,-165163
2021/05/07,投信,1009,0,3485249,0,15,0,51849,0,994,0,3433400,0.0,20388,61,57667092,575,22411,0,68810703,0,-2023,61,-11143611,575
2021/05/07,外資及陸資,412098,143527,398780583,781510,429347,140953,405269526,779979,-17249,2574,-6488943,1531.0,97240,97964,103564179,845735,452881,109740,312872704,794306,-355641,-11776,-209308525,51429
2021/05/10,自營商,54052,237687,57365436,679984,62352,251771,55030173,784860,-8300,-14084,2335263,-104876.0,147811,164450,149113959,814133,168412,193310,53984651,1081227,-20601,-28860,95129308,-267094
2021/05/10,投信,55,0,189475,0,66,0,227524,0,-11,0,-38049,0.0,20432,61,57601963,575,22466,0,68748823,0,-2034,61,-11146860,575
2021/05/10,外資及陸資,410837,160494,375412979,744791,432538,161208,388413289,756968,-21701,-714,-13000310,-12177.0,98489,100602,104010449,787859,475834,113092,324870689,738191,-377345,-12490,-220860240,49668
2021/05/11,自營商,118285,583095,117991147,2232897,93693,612535,111360250,2253012,24592,-29440,6630897,-20115.0,161531,179182,154154164,1379883,157495,237521,56021898,1904337,4036,-58339,98132266,-524454
2021/05/11,投信,29,0,91037,0,2486,0,8231141,0,-2457,0,-8140104,0.0,19634,61,52754825,2095,24125,0,71595545,0,-4491,61,-18840720,2095
2021/05/11,外資及陸資,758950,342112,694122267,1710588,738673,347214,679682235,1690334,20277,-5102,14440032,20254.0,104206,106006,113796775,1365105,460224,123555,311224090,1340533,-356018,-17549,-197427315,24572
2021/05/12,自營商,154404,694587,185165060,4364171,134316,742133,183353853,3505033,20088,-47546,1811207,859138.0,167738,121321,144183299,2254785,144400,165693,49664052,2716506,23338,-44372,94519247,-461721
2021/05/12,投信,198,9,622939,123,2199,8,6931919,418,-2001,1,-6308980,-295.0,19589,62,49936266,4331,26081,0,74052851,0,-6492,62,-24116585,4331
2021/05/12,外資及陸資,1032429,466587,1141848299,2490154,996489,463785,1104275298,2322735,35940,2802,37573001,167419.0,111544,99597,123351464,2964541,431628,113267,272318061,2931033,-320084,-13670,-148966597,33508
2021/05/13,自營商,93130,250733,99448654,2094906,84914,237968,103117352,1896358,8216,12765,-3668698,198548.0,169764,136067,141883085,2358593,138918,167678,51916422,2594841,30846,-31611,89966663,-236248
2021/05/13,投信,460,1,1427439,26,189,1,588531,48,271,0,838908,-22.0,19469,62,49148258,4623,25690,0,72220668,0,-6221,62,-23072410,4623
2021/05/13,外資及陸資,774134,173927,803280155,1674668,746406,174447,789801705,1700033,27728,-520,13478450,-25365.0,112252,115219,121761733,3171981,407194,129409,255024221,3171273,-294942,-14190,-133262488,708
2021/05/14,自營商,80721,244129,76451073,1350859,73878,222599,81372513,1242412,6843,21530,-4921440,108447.0,173284,156065,141216500,2018985,134653,166183,54929856,2169456,38631,-10118,86286644,-150471
2021/05/14,投信,4873,0,11262397,0,4254,0,9285845,0,619,0,1976552,0.0,19640,62,50336991,4064,25242,0,71726396,0,-5602,62,-21389405,4064
2021/05/14,外資及陸資,775358,216753,789530114,1700809,750764,210592,764193566,1632361,24594,6161,25336548,68448.0,117244,123395,132732398,2697728,390310,131424,241744725,2572050,-273066,-8029,-109012327,125678
2021/05/17,自營商,110590,265217,119353287,1545872,110823,272675,117336707,1678918,-233,-7458,2016580,-133046.0,168987,162833,136445028,2979801,132554,180367,50620375,3106264,36433,-17534,85824653,-126463
2021/05/17,投信,22307,0,64193464,0,23852,0,68842819,0,-1545,0,-4649355,0.0,19561,62,48439435,5441,26708,0,73762150,0,-7147,62,-25322715,5441
2021/05/17,外資及陸資,800582,224093,793030991,1535508,780519,230702,789281016,1480345,20063,-6609,3749975,55163.0,118162,133601,123183475,3980669,371295,148239,224508784,3912468,-253133,-14638,-101325309,68201
2021/05/18,自營商,93280,367928,116628349,1403853,90233,331486,118947205,1279574,3047,36442,-2318856,124279.0,167595,201930,139873845,1712492,129237,182925,51325715,1873713,38358,19005,88548130,-161221
2021/05/18,投信,19319,1,51052477,18,16294,1,41318566,0,3025,0,9733911,18.0,20247,62,53346808,3027,24369,0,70441488,0,-4122,62,-17094680,3027
2021/05/18,外資及陸資,590521,256519,699617883,1349773,593258,254592,712116728,1362121,-2737,1927,-12498845,-12348.0,124282,139608,143264854,2160955,380179,152319,263486469,1971609,-255897,-12711,-120221615,189346
2021/05/19,自營商,98348,396236,90840273,1004560,87381,395151,89928464,1022718,10967,1085,911809,-18158.0,142715,64774,123457743,779875,77891,62486,29732640,826109,64824,2288,93725103,-46234
2021/05/19,投信,117,62,367065,1455,120,60,376947,3089,-3,2,-9882,-1634.0,20248,64,53116934,1547,24373,0,70154241,0,-4125,64,-17037307,1547
2021/05/19,外資及陸資,536577,340382,499218184,1272195,550796,333933,505648369,1267915,-14219,6449,-6430185,4280.0,65390,54960,92753216,1292088,329108,61222,216808980,1296009,-263718,-6262,-124055764,-3921
2021/05/20,自營商,43691,126048,42527194,856046,37056,129933,39816370,904342,6635,-3885,2710824,-48296.0,151390,81388,127466995,857439,79949,82955,31430606,944993,71441,-1567,96036389,-87554
2021/05/20,投信,0,0,0,0,797,0,2093358,0,-797,0,-2093358,0.0,19790,64,51948094,1541,24712,0,71025778,0,-4922,64,-19077684,1541
2021/05/20,外資及陸資,564132,104762,525442927,890437,566788,101138,523583335,864629,-2656,3624,1859592,25808.0,68950,63126,95011068,1362575,335270,65764,216332879,1337144,-266320,-2638,-121321811,25431
2021/05/21,自營商,39388,183069,50975316,1035414,37048,181847,51064820,1002400,2340,1222,-89504,33014.0,154318,90584,130803440,908516,80510,90921,33098125,987296,73808,-337,97705315,-78780
2021/05/21,投信,1015,0,3299287,0,16,0,52021,0,999,0,3247266,0.0,20021,64,53590559,1079,23944,0,69770699,0,-3923,64,-16180140,1079
2021/05/21,外資及陸資,513016,134695,526307634,970720,525617,131514,534564902,955488,-12601,3181,-8257268,15232.0,74817,67442,96163444,1221745,353756,66899,228447825,1208391,-278939,543,-132284381,13354
2021/05/24,自營商,31040,161249,33462733,689864,39566,160049,33760690,696686,-8526,1200,-297957,-6822.0,149963,105298,131410891,917546,84963,104421,33905562,1016487,65000,877,97505329,-98941
2021/05/24,投信,286,0,932055,0,0,0,0,0,286,0,932055,0.0,20095,64,53916123,1003,23732,0,69193642,0,-3637,64,-15277519,1003
2021/05/24,外資及陸資,475612,141122,424622063,869526,488314,139451,436525128,841249,-12702,1671,-11903065,28277.0,75863,77295,96757371,1254415,367549,75081,241340916,1220911,-291686,2214,-144583545,33504
2021/05/25,自營商,48350,247832,46696855,988418,46829,228757,52648559,817735,1521,19075,-5951704,170683.0,153948,127452,131279699,1039175,87244,107381,37935707,1025099,66704,20071,93343992,14076
2021/05/25,投信,932,0,3090704,0,0,0,0,0,932,0,3090704,0.0,20362,64,55791901,602,23068,0,68247542,0,-2706,64,-12455641,602
2021/05/25,外資及陸資,484631,196886,419793909,961519,490135,192240,414013370,988596,-5504,4646,5780539,-27077.0,78908,89211,99808240,1148812,376086,82351,240889225,1146860,-297178,6860,-141080985,1952
2021/05/26,自營商,29719,291586,35249231,629551,34352,299029,34201690,672355,-4633,-7443,1047541,-42804.0,150003,90386,131431728,840295,87683,88508,36763020,917221,62320,1878,94668708,-76926
2021/05/26,投信,173,7,571373,28,1,6,3308,0,172,1,568065,28.0,20530,65,56439122,516,23064,0,68348779,0,-2534,65,-11909657,516
2021/05/26,外資及陸資,368966,229505,315157386,742031,375518,221517,317350387,739160,-6552,7988,-2193001,2871.0,78122,84412,99851230,1028510,381903,79363,243332180,1042340,-303781,5049,-143480950,-13830
2021/05/27,自營商,33964,155718,34917433,713829,34537,154909,35723002,754215,-573,809,-805569,-40386.0,150579,108361,130811553,876288,90044,105637,37362712,1000802,60535,2724,93448841,-124514
2021/05/27,投信,156,0,506349,0,241,0,796794,0,-85,0,-290445,0.0,20658,65,56569870,570,23277,0,68706848,0,-2619,65,-12136978,570
2021/05/27,外資及陸資,421539,95061,398701992,679886,424935,96488,402566636,674445,-3396,-1427,-3864644,5441.0,74711,89671,94630701,1080204,381906,86049,241480893,1078436,-307195,3622,-146850192,1768
2021/05/28,自營商,30697,171969,36589918,785278,37077,164756,40095488,687651,-6380,7213,-3505570,97627.0,148494,124431,131582279,1052324,94267,114368,39719441,1083567,54227,10063,91862838,-31243
2021/05/28,投信,1055,0,3557972,0,47,0,158097,0,1008,0,3399875,0.0,20900,65,58494072,301,22511,0,67482199,0,-1611,65,-8988127,301
2021/05/28,外資及陸資,396748,103696,366286549,626561,409260,104114,369316169,632392,-12512,-418,-3029620,-5831.0,79546,94181,101348052,1090250,399250,90977,254836034,1142194,-319704,3204,-153487982,-51944
2021/05/31,自營商,40915,242864,48238723,907208,47585,238486,50819709,853929,-6670,4378,-2580986,53279.0,145528,134493,133661638,1051649,97902,120090,43416191,1027706,47626,14403,90245447,23943
2021/05/31,投信,357,0,1213975,0,50,0,170268,0,307,0,1043707,0.0,20980,65,59274284,228,22284,0,67298905,0,-1304,65,-8024621,228
2021/05/31,外資及陸資,434878,177685,419421477,845896,448626,176744,423712520,857021,-13748,941,-4291043,-11125.0,77789,102940,100891596,1131500,411257,98795,260661713,1214952,-333468,4145,-159770117,-83452
2021/06/01,自營商,39506,207381,42889690,614412,40345,210129,42008006,657471,-839,-2748,881684,-43059.0,150235,145690,141053830,1085246,103436,134025,49385166,1095656,46799,11665,91668664,-10410
2021/06/01,投信,1086,0,3722418,0,58,0,195649,0,1028,0,3526769,0.0,21697,65,62137806,148,21973,0,66697173,0,-276,65,-4559367,148
2021/06/01,外資及陸資,367813,148951,305218838,653732,375107,144250,308031491,643178,-7294,4701,-2812653,10554.0,81374,108691,108256651,1162386,422136,99845,272341647,1242607,-340762,8846,-164084996,-80221
2021/06/02,自營商,41337,328014,48350764,771704,50937,317882,52636457,791251,-9600,10132,-4285693,-19547.0,145290,106039,139270009,902171,108221,106562,52195246,1003324,37069,-523,87074763,-101153
2021/06/02,投信,783,7,2680107,33,59,7,201896,0,724,0,2478211,33.0,22424,65,64507117,177,21976,0,66589310,0,448,65,-2082193,177
2021/06/02,外資及陸資,369402,253169,337891220,778456,390343,253817,338936167,781356,-20941,-648,-1044947,-2900.0,79052,104210,106285296,1122051,440736,96902,270978937,1204550,-361684,7308,-164693641,-82499
2021/06/03,自營商,38252,149778,45270032,622066,42385,152453,43179021,611533,-4133,-2675,2091011,10533.0,143468,115256,141882827,981523,110595,118416,52050239,1073273,32873,-3160,89832588,-91750
2021/06/03,投信,814,1,2804337,5,304,1,1047188,1,510,0,1757149,4.0,22934,65,66699037,114,21976,0,67042995,0,958,65,-343958,114
2021/06/03,外資及陸資,381046,92636,346582798,587161,386877,90586,349837913,573040,-5831,2050,-3255115,14121.0,82382,111189,108203627,1174810,449990,101831,278092451,1269068,-367608,9358,-169888824,-94258
2021/06/04,自營商,28830,127336,35343759,515168,35739,131178,36530837,545587,-6909,-3842,-1187078,-30419.0,141604,123916,143095823,960907,115922,130903,55001315,1081447,25682,-6987,88094508,-120540
2021/06/04,投信,763,0,2611658,0,543,0,1855713,0,220,0,755945,0.0,23579,65,68452586,157,22401,0,68035341,0,1178,65,417245,157
2021/06/04,外資及陸資,317073,96100,332112352,569885,328515,99146,344624177,595925,-11442,-3046,-12511825,-26040.0,78634,112032,104478635,1149751,457669,105720,285268775,1239974,-379035,6312,-180790140,-90223
2021/06/07,自營商,59308,306320,68779932,1085908,59866,310422,67355194,1142996,-558,-4102,1424738,-57088.0,139499,135258,146065787,959493,114462,146303,56616124,1138123,25037,-11045,89449663,-178630
2021/06/07,投信,139,0,474699,0,55,0,188032,0,84,0,286667,0.0,23707,65,68835916,123,22445,0,68130810,0,1262,65,705106,123
2021/06/07,外資及陸資,547383,220051,498462931,1103393,543394,221811,495610036,1109251,3989,-1760,2852895,-5858.0,79822,113239,105019031,1126044,454853,108687,282180893,1214989,-375031,4552,-177161862,-88945
2021/06/08,自營商,30464,217488,34750037,593575,36448,211544,38877647,568040,-5984,5944,-4127610,25535.0,137463,139224,145744009,915819,118272,144298,60473830,1059883,19191,-5074,85270179,-144064
2021/06/08,投信,63,2,215397,10,11,2,37593,1,52,0,177804,9.0,23762,65,69006323,79,22448,0,68125704,0,1314,65,880619,79
2021/06/08,外資及陸資,294937,143206,298855793,603342,293312,146867,302099786,626622,1625,-3661,-3243993,-23280.0,79481,112611,102385865,1040047,452902,111720,283133751,1146662,-373421,891,-180747886,-106615
2021/06/09,自營商,47507,320757,54967756,663999,44884,336705,55457947,729838,2623,-15948,-490191,-65839.0,126315,115727,135459669,796566,114249,118801,51438075,944889,12066,-3074,84021594,-148323
2021/06/09,投信,120,9,397932,39,654,7,2217237,1,-534,2,-1819305,38.0,23658,67,68126115,100,22878,0,69068520,0,780,67,-942405,100
2021/06/09,外資及陸資,390912,247244,360898812,772853,379700,255169,358475529,793736,11212,-7925,2423283,-20883.0,81005,99050,102757331,915064,439508,107170,279548515,1009031,-358503,-8120,-176791184,-93967
2021/06/10,自營商,48256,184929,57236119,673381,45580,184900,53245935,628437,2676,29,3990184,44944.0,131500,128213,142735854,855860,117934,131210,53584835,987151,13566,-2997,89151019,-131291
2021/06/10,投信,3261,0,6648817,0,2318,0,3414261,0,943,0,3234556,0.0,23911,67,69803795,25,22188,0,67524067,0,1723,67,2279728,25
2021/06/10,外資及陸資,394981,98613,379237086,546482,387433,95063,380646072,536207,7548,3550,-1408986,10275.0,85022,107246,100320008,992479,435971,111816,280425301,1110881,-350949,-4570,-180105293,-118402
2021/06/11,自營商,47169,161496,62326069,515578,53040,150217,64568077,501569,-5871,11279,-2242008,14009.0,132103,139241,140168007,870814,124255,130905,53018294,1002489,7848,8336,87149713,-131675
2021/06/11,投信,21315,0,68459259,0,21068,0,67809779,0,247,0,649480,0.0,24163,67,70470328,14,22193,0,67539767,0,1970,67,2930561,14
2021/06/11,外資及陸資,385577,105575,369012762,544858,382361,103573,366210411,532868,3216,2002,2802351,11990.0,92406,111686,105148785,1034846,440148,114254,284043349,1146270,-347742,-2568,-178894564,-111424
2021/06/15,自營商,63434,198873,65618366,515435,63418,186637,70575133,431339,16,12236,-4956767,84096.0,132692,155633,135316157,1042156,124660,135022,52312217,1069986,8032,20611,83003940,-27830
2021/06/15,投信,22852,1,67190538,11,22194,3,64978823,0,658,-2,2211715,11.0,24469,65,71999654,12,21841,0,66838349,0,2628,65,5161305,12
2021/06/15,外資及陸資,504215,127335,430411783,515732,505889,129452,438777310,525595,-1674,-2117,-8365527,-9863.0,97705,116446,109153824,1140450,447145,121131,299321138,1319525,-349440,-4685,-190167314,-179075
2021/06/16,自營商,81879,286701,86868056,516474,78901,267351,85849635,533701,2978,19350,1018421,-17227.0,108726,50906,112351110,367392,67097,56338,28999221,459450,41629,-5432,83351889,-92058
2021/06/16,投信,444,61,1373544,950,137,9,432456,0,307,52,941088,950.0,24777,62,72796236,1002,21842,0,66709262,0,2935,62,6086974,1002
2021/06/16,外資及陸資,400567,167307,340051401,483804,402450,171003,335043831,488056,-1883,-3696,5007570,-4252.0,62491,28977,88049673,309952,385898,25238,267041517,313339,-323407,3739,-178991844,-3387
2021/06/17,自營商,31223,149171,37295046,573227,35124,156611,31654840,670180,-3901,-7440,5640206,-96953.0,114725,72348,119701954,435164,76985,85183,30447249,624728,37740,-12835,89254705,-189564
2021/06/17,投信,1904,0,344737,0,1501,0,399890,0,403,0,-55153,0.0,26677,62,73355082,886,23339,0,67310015,0,3338,62,6045067,886
2021/06/17,外資及陸資,299009,76848,294255888,466885,316889,75731,313600018,441191,-17880,1117,-19344130,25694.0,69951,35809,93374285,365004,411181,30953,292827089,364043,-341230,4856,-199452804,961
2021/06/18,自營商,25200,117365,27414488,402847,33353,110485,31089865,394774,-8153,6880,-3675377,8073.0,113255,83860,118312931,440359,83731,89817,33063357,617319,29524,-5957,85249574,-176960
2021/06/18,投信,40,0,57814,0,1537,0,407882,0,-1497,0,-350068,0.0,26695,62,73153323,926,24854,0,67489879,0,1841,62,5663444,926
2021/06/18,外資及陸資,286875,83445,288594207,436523,292849,84710,285907151,431824,-5974,-1265,2687056,4699.0,70278,38112,89543282,375526,417479,34521,285973406,355897,-347201,3591,-196430124,19629
2021/06/21,自營商,45850,243058,61913261,918149,48490,252538,62793935,975369,-2640,-9480,-880674,-57220.0,116911,103801,120100048,548405,90327,119216,37481085,789702,26584,-15415,82618963,-241297
2021/06/21,投信,1037,0,228033,0,988,0,3292994,0,49,0,-3064961,0.0,27407,62,71071710,1447,25517,0,68643668,0,1890,62,2428042,1447
2021/06/21,外資及陸資,387710,207581,438998145,1022669,392366,216746,441363557,1075675,-4656,-9165,-2365412,-53006.0,74915,43343,94676551,486855,426808,48917,290714648,422421,-351893,-5574,-196038097,64434
2021/06/22,自營商,40953,219526,43385447,567755,40633,198230,51109261,476550,320,21296,-7723814,91205.0,122085,119984,120700820,540642,94875,114094,45698574,682709,27210,5890,75002246,-142067
2021/06/22,投信,33,0,111940,0,102,0,329095,0,-69,0,-217155,0.0,27329,62,71064452,1273,25508,0,68855872,0,1821,62,2208580,1273
2021/06/22,外資及陸資,321140,153678,317942632,634601,318653,152530,315552271,630946,2487,1148,2390361,3655.0,72548,47591,88444494,477702,421975,52017,282237184,421259,-349427,-4426,-193792690,56443
2021/06/23,自營商,49769,409492,63143431,957875,48583,374884,64372201,918940,1186,34608,-1228770,38935.0,123803,75907,123011427,508145,95372,82057,47922536,672089,28431,-6150,75088891,-163944
2021/06/23,投信,1076,7,3717423,16,8,7,27603,0,1068,0,3689820,16.0,27650,62,73198745,876,24761,0,67172791,0,2889,62,6025954,876
2021/06/23,外資及陸資,322979,220764,364052651,744944,323939,214744,365732642,719952,-960,6020,-1679991,24992.0,74177,44139,92252853,428547,424686,42842,289631444,413967,-350509,1297,-197378591,14580
2021/06/24,自營商,27224,128364,30416582,524404,31114,120583,34687122,477284,-3890,7781,-4270540,47120.0,123202,95666,122029578,544733,98673,94059,51119450,665673,24529,1607,70910128,-120940
2021/06/24,投信,85,0,294768,0,0,0,0,0,85,0,294768,0.0,27721,62,73715857,752,24747,0,67434181,0,2974,62,6281676,752
2021/06/24,外資及陸資,245168,79391,259508069,431586,249773,82571,259837936,441673,-4605,-3180,-329867,-10087.0,75050,48268,96222281,410131,430155,50151,295593689,430168,-355105,-1883,-199371408,-20037
2021/06/25,自營商,31698,162945,40102154,602434,35568,166388,41797859,636319,-3870,-3443,-1695705,-33885.0,122667,102673,119751979,571453,101936,104486,50185557,730840,20731,-1813,69566422,-159387
2021/06/25,投信,354,0,1234934,0,174,0,604365,0,180,0,630569,0.0,27703,62,74009304,663,24549,0,67101969,0,3154,62,6907335,663
2021/06/25,外資及陸資,276950,92968,299253272,487301,275570,91223,289663625,474891,1380,1745,9589647,12410.0,76264,49929,94698487,427263,430055,50067,286103864,457508,-353791,-138,-191405377,-30245
2021/06/28,自營商,19861,139198,26448881,470390,32966,136257,30282339,379526,-13105,2941,-3833458,90864.0,117716,102679,119129636,629529,110055,101522,53160426,713257,7661,1157,65969210,-83728
2021/06/28,投信,426,0,1027606,0,83,0,289495,0,343,0,738111,0.0,27830,62,74427306,511,24333,0,66818158,0,3497,62,7609148,511
2021/06/28,外資及陸資,226200,92573,228628509,426710,231487,93467,232320886,481889,-5287,-894,-3692377,-55179.0,79881,53199,98972534,429353,438995,54231,296594258,545629,-359114,-1032,-197621724,-116276
2021/06/29,自營商,34171,195696,40519317,492878,36359,203401,37117213,553740,-2188,-7705,3402104,-60862.0,117321,114762,118705973,615613,111818,121317,49297805,753320,5503,-6555,69408168,-137707
2021/06/29,投信,19,0,60925,0,50,0,175301,0,-31,0,-114376,0.0,27799,62,74317013,522,24333,0,66827472,0,3466,62,7489541,522
2021/06/29,外資及陸資,336666,154476,317086381,609565,347259,154626,316247311,612874,-10593,-150,839070,-3309.0,82605,57052,103186395,451882,452315,58234,300181207,569660,-369710,-1182,-196994812,-117778
2021/06/30,自營商,34847,322397,44977818,769580,43981,287723,51047189,585083,-9134,34674,-6069371,184497.0,116171,86466,118487375,660334,119825,82288,54592257,700643,-3654,4178,63895118,-40309
2021/06/30,投信,663,7,2345614,15,107,18,123090,75,556,-11,2222524,-60.0,27914,51,75726426,287,23892,0,66018275,0,4022,51,9708151,287
2021/06/30,外資及陸資,278681,166921,265337679,557620,274913,165499,260469330,547193,3768,1422,4868349,10427.0,86567,55831,108659079,467173,452569,56098,304233207,622222,-366002,-267,-195574128,-155049
2021/07/01,自營商,38544,178723,41984566,611818,41255,189198,40793114,702542,-2711,-10475,1191452,-90724.0,115539,112164,116349760,663282,121927,118456,51478142,787484,-6388,-6292,64871618,-124202
2021/07/01,投信,1011,0,222911,0,395,0,1240383,0,616,0,-1017472,0.0,27743,51,74995146,327,23105,0,66431080,0,4638,51,8564066,327
2021/07/01,外資及陸資,370333,95850,359263243,482918,380095,99913,367392347,502143,-9762,-4063,-8129104,-19225.0,86341,58948,106437252,473112,462042,63278,310931988,628104,-375701,-4330,-204494736,-154992
2021/07/02,自營商,32920,131602,34015663,478820,41702,125741,37304563,421079,-8782,5861,-3288900,57741.0,114006,121194,116855891,694308,128886,121575,55422282,760458,-14880,-381,61433609,-66150
2021/07/02,投信,12,0,42360,0,1,0,3530,0,11,0,38830,0.0,27752,51,75014622,313,23103,0,66391093,0,4649,51,8623529,313
2021/07/02,外資及陸資,377325,89928,335740157,447418,366877,92862,326529101,464432,10448,-2934,9211056,-17014.0,92852,59753,109119130,460926,458087,67017,304021407,632001,-365235,-7264,-194902277,-171075
2021/07/05,自營商,29994,208031,42185077,775185,45960,189335,51133659,582186,-15966,18696,-8948582,192999.0,111033,139413,116980686,918400,141831,121074,63810303,822705,-30798,18339,53170383,95695
2021/07/05,投信,972,0,3380582,0,2,0,7159,0,970,0,3373423,0.0,28176,51,77482780,173,22557,0,65382134,0,5619,51,12100646,173
2021/07/05,外資及陸資,369412,130499,340314048,576432,361231,140350,333238591,644466,8181,-9851,7075457,-68034.0,97235,62240,114962743,505191,454310,79355,305976435,821861,-357075,-17115,-191013692,-316670
2021/07/06,自營商,27888,168653,33847559,399587,31063,176559,32147279,445554,-3175,-7906,1700280,-45967.0,109673,146380,115999179,875193,143695,135895,61139458,831934,-34022,10485,54859721,43259
2021/07/06,投信,2047,0,1070750,0,131,0,450323,0,1916,0,620427,0.0,28092,51,77100211,161,20557,0,64439177,0,7535,51,12661034,161
2021/07/06,外資及陸資,293068,115247,268779096,431018,300846,115633,275692327,432312,-7778,-386,-6913231,-1294.0,95108,63764,112417303,487821,459931,81265,309883195,791129,-364823,-17501,-197465892,-303308
2021/07/07,自營商,43501,346015,51476334,649638,38766,355719,50110010,730342,4735,-9704,1366324,-80704.0,110419,104285,114744724,746513,139630,93537,58622877,778802,-29211,10748,56121847,-32289
2021/07/07,投信,7,7,11343,15,456,7,1622954,0,-449,0,-1611611,15.0,27862,51,76071925,180,20776,0,65046269,0,7086,51,11025656,180
2021/07/07,外資及陸資,336338,208435,357340240,635236,328263,207369,351005662,631799,8075,1066,6334578,3437.0,96420,57688,115042572,460772,453124,73431,304126239,742294,-356704,-15743,-189083667,-281522
2021/07/08,自營商,39967,167478,43515241,587199,42776,170322,44039785,603234,-2809,-2844,-524544,-16035.0,109317,129030,115653101,794293,142121,121111,60307640,842637,-32804,7919,55345461,-48344
2021/07/08,投信,66,0,200541,0,21,0,74861,0,45,0,125680,0.0,27903,51,76141203,174,20772,0,65001729,0,7131,51,11139474,174
2021/07/08,外資及陸資,399793,92415,367784215,447317,393621,97046,366828970,475453,6172,-4631,955245,-28136.0,97931,60892,113216434,464215,448484,81266,301968085,768003,-350553,-20374,-188751651,-303788
2021/07/09,自營商,45182,222938,54188536,837512,42339,230222,55883026,855365,2843,-7284,-1694490,-17853.0,110672,133221,114171773,823846,140365,132596,60591180,869850,-29693,625,53580593,-46004
2021/07/09,投信,0,0,0,0,381,0,1344166,0,-381,0,-1344166,0.0,27640,51,74529879,249,20890,0,64834602,0,6750,51,9695277,249
2021/07/09,外資及陸資,358624,150244,441783342,786696,360829,156692,449286648,834483,-2205,-6448,-7503306,-47787.0,97173,64053,110166447,463012,449931,90875,303115444,755071,-352758,-26822,-192948997,-292059
2021/07/12,自營商,43813,229847,54457778,756410,44520,221866,58321150,680762,-707,7981,-3863372,75648.0,112507,146618,116016758,899008,142880,137985,65792665,895645,-30373,8633,50224093,3363
2021/07/12,投信,689,0,2453641,0,0,0,0,0,689,0,2453641,0.0,27889,51,76122068,118,20450,0,63875750,0,7439,51,12246318,118
2021/07/12,外資及陸資,344486,167303,375808001,719733,339484,164072,371862048,698999,5002,3231,3945953,20734.0,99537,69811,109253388,480580,447317,93402,299349642,775018,-347780,-23591,-190096254,-294438
2021/07/13,自營商,49823,278180,52199999,705529,51537,262514,59173868,659540,-1714,15666,-6973869,45989.0,113981,169564,115945548,954505,145842,145264,71963914,921040,-31861,24300,43981634,33465
2021/07/13,投信,14,0,48147,0,11,0,39310,0,3,0,8837,0.0,27890,51,76343250,91,20448,0,64053634,0,7442,51,12289616,91
2021/07/13,外資及陸資,344293,182206,334257895,688667,336812,183864,328799446,695626,7481,-1658,5458449,-6959.0,102882,71944,117265693,492936,443241,97193,300912773,795870,-340359,-25249,-183647080,-302934
2021/07/14,自營商,51454,341366,59316512,734328,48664,360112,53506183,773942,2790,-18746,5810329,-39614.0,113274,106077,113598347,759427,142189,94117,63405513,782423,-28915,11960,50192834,-22996
2021/07/14,投信,48,7,171558,21,1244,7,4443023,0,-1196,0,-4271465,21.0,26694,51,72098634,82,20448,0,64083940,0,6246,51,8014694,82
2021/07/14,外資及陸資,369357,270214,354091893,817334,365704,272065,350913608,829503,3653,-1851,3178285,-12169.0,105283,64641,116425778,464796,441928,90826,295722324,776646,-336645,-26185,-179296546,-311850
2021/07/15,自營商,38945,184165,43605518,623741,40312,187084,41274907,566111,-1367,-2919,2330611,57630.0,113709,126973,117543481,887377,143996,117925,64958463,866565,-30287,9048,52585018,20812
2021/07/15,投信,426,0,1535242,0,83,0,133930,0,343,0,1401312,0.0,26707,51,72903260,29,20118,0,63417456,0,6589,51,9485804,29
2021/07/15,外資及陸資,300762,97666,303519420,464985,295135,101996,304976869,491519,5627,-4330,-1457449,-26534.0,105189,68714,115361669,523641,436213,99229,298991740,918222,-331024,-30515,-183630071,-394581
2021/07/16,自營商,50494,195913,61257684,618913,52717,210836,57588993,704429,-2223,-14923,3668691,-85516.0,111854,129633,118841213,760008,144196,135474,63285092,848444,-32342,-5841,55556121,-88436
2021/07/16,投信,2512,2,3896798,27,2768,2,4961825,0,-256,0,-1065027,27.0,26669,51,72179968,46,20336,0,63818801,0,6333,51,8361167,46
2021/07/16,外資及陸資,365133,148629,394371733,669076,379094,146671,409174898,687006,-13961,1958,-14803165,-17930.0,104151,75130,116964781,484081,449133,103687,315194049,815873,-344982,-28557,-198229268,-331792
2021/07/19,自營商,65999,215529,88164771,629018,69707,234860,84845394,733457,-3708,-19331,3319377,-104439.0,111510,127334,120592630,719239,147770,152461,62376798,890502,-36260,-25127,58215832,-171263
2021/07/19,投信,22635,0,74535638,0,22771,0,74956491,0,-136,0,-420853,0.0,26681,51,71254730,66,20484,0,63376692,0,6197,51,7878038,66
2021/07/19,外資及陸資,401547,173236,462725333,781968,404837,172200,473218587,786336,-3290,1036,-10493254,-4368.0,103533,80704,101494784,479807,446465,108225,309509891,759420,-342932,-27521,-208015107,-279613
2021/07/20,自營商,68237,349158,93216412,1021125,75141,350829,97547331,1007489,-6904,-1671,-4330919,13636.0,111310,139070,118823427,817083,154472,165865,65397683,933531,-43162,-26795,53425744,-116448
2021/07/20,投信,18792,0,53906826,0,19679,0,57000749,0,-887,0,-3093923,0.0,26446,51,69254596,126,21136,0,64567417,0,5310,51,4687179,126
2021/07/20,外資及陸資,482199,296398,553815806,1306246,476381,295450,559288913,1331745,5818,948,-5473107,-25499.0,111257,86092,101408647,518097,448410,112665,310740560,758780,-337153,-26573,-209331913,-240683
2021/07/21,自營商,88050,461220,108878752,1050065,83938,469016,107808109,1068781,4112,-7796,1070643,-18716.0,85024,57025,98101305,462576,113011,66247,49106282,489984,-27987,-9222,48995023,-27408
2021/07/21,投信,400,49,1277151,1065,600,8,2062204,14,-200,41,-785053,1051.0,23535,51,68447938,1064,21285,0,64857709,0,2250,51,3590229,1064
2021/07/21,外資及陸資,455167,386536,466841882,1191056,453220,389069,462740485,1188746,1947,-2533,4101397,2310.0,64319,25461,81212682,330867,362326,42182,277063120,414045,-298007,-16721,-195850438,-83178
2021/07/22,自營商,35873,203673,39639732,752985,37830,188620,42229188,722871,-1957,15053,-2589456,30114.0,87538,101313,100191758,558927,117517,95461,53497702,570039,-29979,5852,46694056,-11112
2021/07/22,投信,376,0,1288107,0,16,0,55696,0,360,0,1232411,0.0,23662,51,69387954,822,21052,0,64538350,0,2610,51,4849604,822
2021/07/22,外資及陸資,379717,122963,380130045,587898,376100,123022,376002685,612462,3617,-59,4127360,-24564.0,76767,37057,88666307,324181,371136,53837,281226635,432642,-294369,-16780,-192560328,-108461
2021/07/23,自營商,30514,143905,36708815,525535,35939,149100,38531386,550777,-5425,-5195,-1822571,-25242.0,88596,110213,101107300,556062,124000,109571,56175191,590853,-35404,642,44932109,-34791
2021/07/23,投信,688,0,2109540,0,283,0,985265,0,405,0,1124275,0.0,23627,51,68957432,792,20612,0,62989168,0,3015,51,5968264,792
2021/07/23,外資及陸資,370270,101186,335718029,494112,375448,102131,339386900,504729,-5178,-945,-3668871,-10617.0,76982,38477,87870760,312150,376544,56202,284532314,424193,-299562,-17725,-196661554,-112043
2021/07/26,自營商,33509,192622,42759076,578577,37065,210620,38475756,710447,-3556,-17998,4283320,-131870.0,89097,115131,105238812,599103,128182,132468,56588145,740025,-39085,-17337,48650667,-140922
2021/07/26,投信,83,0,260241,0,996,0,3377290,0,-913,0,-3117049,0.0,23060,51,66214864,1044,20958,0,63440867,0,2102,51,2773997,1044
2021/07/26,外資及陸資,312000,141566,312329518,633468,316541,143318,313845220,654008,-4541,-1752,-1515702,-20540.0,76884,41682,86544485,349407,380981,61159,281754814,460419,-304097,-19477,-195210329,-111012
2021/07/27,自營商,36680,245497,40387291,656416,40246,225517,48701373,601600,-3566,19980,-8314082,54816.0,89454,132062,101994590,628456,132063,129439,61398998,694331,-42609,2623,40595592,-65875
2021/07/27,投信,59,0,197530,0,124,0,419710,0,-65,0,-222180,0.0,22997,51,65858236,1082,20960,0,63331238,0,2037,51,2526998,1082
2021/07/27,外資及陸資,353248,201929,360590102,787996,343530,200639,355428867,788055,9718,1290,5161235,-59.0,78634,47392,87302142,370913,373067,65579,275826766,479229,-294433,-18187,-188524624,-108316
2021/07/28,自營商,68023,410066,87831499,1338998,66619,439372,86525511,1349237,1404,-29306,1305988,-10239.0,90212,78374,98350214,559314,131487,87750,56852141,649934,-41275,-9376,41498073,-90620
2021/07/28,投信,29,8,86430,57,1772,7,6003219,38,-1743,1,-5916789,19.0,22369,51,62954896,1407,22075,0,66372323,0,294,51,-3417427,1407
2021/07/28,外資及陸資,607158,406824,641599687,1527213,598169,412785,631587595,1589562,8989,-5961,10012092,-62349.0,80821,32826,82519071,434842,366267,61977,259024552,567897,-285446,-29151,-176505481,-133055
2021/07/29,自營商,36671,175700,41328527,695448,31050,167685,40706253,600145,5621,8015,622274,95303.0,93809,104471,101769192,619465,129206,105817,59041016,646062,-35397,-1346,42728176,-26597
2021/07/29,投信,1145,0,3959057,0,2,0,6871,0,1143,0,3952186,0.0,22736,51,65537781,784,21299,0,65078141,0,1437,51,459640,784
2021/07/29,外資及陸資,364467,91929,392381606,514502,358896,87501,373515187,506449,5571,4428,18866419,8053.0,87596,40029,98088841,343551,367492,64752,259613829,486606,-279896,-24723,-161524988,-143055
2021/07/30,自營商,31866,144046,35987549,477057,35238,145083,38869657,534321,-3372,-1037,-2882108,-57264.0,90949,106484,96088409,604578,129500,108845,56543753,676544,-38551,-2361,39544656,-71966
2021/07/30,投信,222,0,723301,0,447,0,1534586,0,-225,0,-811285,0.0,22731,51,64922001,995,21519,0,65277837,0,1212,51,-355836,995
2021/07/30,外資及陸資,347485,110716,340203427,592867,354471,108557,344547369,585873,-6986,2159,-4343942,6994.0,82866,45225,91341775,391435,369718,67789,255028834,509737,-286852,-22564,-163687059,-118302
2021/08/02,自營商,42000,218275,53045484,727168,43333,220771,53243980,714819,-1333,-2496,-198496,12349.0,92350,111188,97211870,623458,132118,116007,57130990,709816,-39768,-4819,40080880,-86358
2021/08/02,投信,901,2,3146955,40,0,0,0,0,901,2,3146955,40.0,23080,53,67248129,592,20967,0,64462840,0,2113,53,2785289,592
2021/08/02,外資及陸資,394380,103167,402604990,475937,388512,102737,403629631,479465,5868,430,-1024641,-3528.0,89858,47466,100371150,352735,370875,69600,268394130,513476,-281017,-22134,-168022980,-160741
2021/08/03,自營商,33106,157092,39482363,410116,34633,164005,37150575,453153,-1527,-6913,2331788,-43037.0,93860,115998,98919027,598333,135165,127676,56498084,739793,-41305,-11678,42420943,-141460
2021/08/03,投信,45,2,157196,31,79,0,276014,0,-34,2,-118818,31.0,23009,55,67059275,580,20930,0,64389644,0,2079,55,2669631,580
2021/08/03,外資及陸資,309882,141287,298711633,568808,312187,144423,296962173,568786,-2305,-3136,1749460,22.0,87529,47083,98842793,341536,370878,72353,265417214,504975,-283349,-25270,-166574421,-163439
2021/08/04,自營商,38515,274213,41331245,561296,36920,264305,41589500,514517,1595,9908,-258255,46779.0,96761,93547,100115594,527173,136737,101594,57672731,656317,-39976,-8047,42442863,-129144
2021/08/04,投信,415,9,1423907,37,0,7,0,0,415,2,1423907,37.0,23200,57,68036398,451,20706,0,63930869,0,2494,57,4105529,451
2021/08/04,外資及陸資,289230,161713,268576006,502294,290336,158373,262335048,510086,-1106,3340,6240958,-7792.0,93773,38449,105078025,278806,378226,63779,266342652,467953,-284453,-25330,-161264627,-189147
2021/08/05,自營商,27487,81525,21203732,240671,29565,90480,22396359,272431,-2078,-8955,-1192627,-31760.0,93958,101028,97591283,512591,136057,117986,56510965,666632,-42099,-16958,41080318,-154041
2021/08/05,投信,182,2,638640,18,124,0,413359,0,58,2,225281,18.0,23186,59,67910931,467,20634,0,63584239,0,2552,59,4326692,467
2021/08/05,外資及陸資,257049,49539,196988007,239505,275995,52462,214458199,251162,-18946,-2923,-17470192,-11657.0,87383,41243,97252116,276802,390785,69496,275712023,459913,-303402,-28253,-178459907,-183111
2021/08/06,自營商,37418,153063,46201901,512936,37808,157365,45347453,553615,-390,-4302,854448,-40679.0,94621,107896,97827607,513014,137000,129188,56182525,685739,-42379,-21292,41645082,-172725
2021/08/06,投信,9,0,7852,0,464,0,1618439,0,-455,0,-1610587,0.0,23057,59,67034845,590,20951,0,64314406,0,2106,59,2720439,590
2021/08/06,外資及陸資,319997,94807,331567373,452432,314162,96848,322123106,467595,5835,-2041,9444267,-15163.0,89009,45762,96172337,291671,386573,76056,264088848,456531,-297564,-30294,-167916511,-164860
2021/08/09,自營商,38477,181902,46938146,538022,39278,181367,49005705,524926,-801,535,-2067559,13096.0,94564,119781,97155007,527353,137627,140607,57445933,668994,-43063,-20826,39709074,-141641
2021/08/09,投信,94,0,314119,0,493,0,1715178,0,-399,0,-1401059,0.0,23074,59,66959595,582,21367,0,65644592,0,1707,59,1315003,582
2021/08/09,外資及陸資,329411,123818,337614686,553800,320138,123093,327562934,547729,9273,725,10051752,6071.0,92991,48472,98689723,292902,381295,78041,255874084,430850,-288304,-29569,-157184361,-137948
2021/08/10,自營商,40838,218330,44259872,525316,39745,225658,44805111,529310,1093,-7328,-545239,-3994.0,96052,131103,98410219,544765,137968,159290,59517054,662093,-41916,-28187,38893165,-117328
2021/08/10,投信,26,0,69513,0,527,0,1823215,0,-501,0,-1753702,0.0,22931,59,66037124,720,21725,0,66476995,0,1206,59,-439871,720
2021/08/10,外資及陸資,303041,146803,279439242,559916,301982,146336,288343329,592178,1059,467,-8904087,-32262.0,95107,50045,96778841,309002,382352,79147,261313245,448197,-287245,-29102,-164534404,-139195
2021/08/11,自營商,51047,405043,62061952,815981,49106,418898,62889600,848770,1941,-13855,-827648,-32789.0,95318,100263,94552542,486134,135316,118863,56702516,574608,-39998,-18600,37850026,-88474
2021/08/11,投信,124,8,366988,25,329,8,1129775,34,-205,0,-762787,-9.0,22947,59,65569789,918,21946,0,66769962,0,1001,59,-1200173,918
2021/08/11,外資及陸資,392281,234406,377513603,750270,387354,236365,390650096,749677,4927,-1959,-13136493,593.0,97873,43948,88230811,336829,380172,73973,264656905,445704,-282299,-30025,-176426094,-108875
2021/08/12,自營商,30360,130332,31652081,424055,32125,125604,33338176,380965,-1765,4728,-1686095,43090.0,94714,113052,93656164,518724,136485,126962,57722968,564031,-41771,-13910,35933196,-45307
2021/08/12,投信,100,0,327932,0,68,0,233003,0,32,0,94929,0.0,22979,59,65605311,912,21946,0,66712779,0,1033,59,-1107468,912
2021/08/12,外資及陸資,311151,80697,297947548,442888,309410,82498,294068078,451488,1741,-1801,3879470,-8600.0,102036,48798,93609945,352271,382591,80624,266271465,450149,-280555,-31826,-172661520,-97878
2021/08/13,自營商,48239,202074,55791097,638493,48617,208303,56706112,675196,-378,-6229,-915015,-36703.0,96123,115649,95113033,581840,138219,135849,60306169,620778,-42096,-20200,34806864,-38938
2021/08/13,投信,3409,0,6602486,0,3767,0,7842349,0,-358,0,-1239863,0.0,22925,59,64560166,1432,22250,0,66891681,0,675,59,-2331515,1432
2021/08/13,外資及陸資,398312,125519,395979730,678820,393547,125460,402139087,683900,4765,59,-6159357,-5080.0,105454,52200,91185143,448465,380176,83967,267078008,524183,-274722,-31767,-175892865,-75718
2021/08/16,自營商,67965,256978,71257376,812446,62385,261178,73268271,732837,5580,-4200,-2010895,79609.0,98688,127652,91457957,702024,135197,152112,58830007,639635,-36509,-24460,32627950,62389
2021/08/16,投信,21434,1,67204417,13,21739,1,68176248,17,-305,0,-971831,-4.0,22799,59,63361604,1856,22429,0,66638921,0,370,59,-3277317,1856
2021/08/16,外資及陸資,497541,195955,480243610,948147,481678,193876,457655666,951227,15863,2079,22587944,-3080.0,112424,56336,99373962,542131,371257,86024,251551291,611508,-258833,-29688,-152177329,-69377
2021/08/17,自營商,72051,242345,69459871,649568,64951,246031,70057678,582479,7100,-3686,-597807,67089.0,103912,131630,88759692,899085,131466,159762,56935423,744758,-27554,-28132,31824269,154327
2021/08/17,投信,20090,0,55448878,0,20212,0,56090037,0,-122,0,-641159,0.0,22930,59,62904106,2382,22682,0,66803649,0,248,59,-3899543,2382
2021/08/17,外資及陸資,415565,212353,428613402,873835,410659,215509,424271235,928557,4906,-3156,4342167,-54722.0,117263,59729,101022786,676644,371181,92573,246859959,811573,-253918,-32844,-145837173,-134929
2021/08/18,自營商,93148,488945,97861214,1302011,78373,491034,94020407,1335227,14775,-2089,3840807,-33216.0,88441,64083,78490375,427072,78259,73534,33026903,411767,10182,-9451,45463472,15305
2021/08/18,投信,1145,61,3776609,1002,301,58,959502,1904,844,3,2817107,-902.0,23093,62,64297516,789,22001,0,65436184,0,1092,62,-1138668,789
2021/08/18,外資及陸資,457240,399738,492197082,1563464,448546,398431,494020758,1536151,8694,1307,-1823676,27313.0,64123,26234,77085378,311436,301120,41910,223934321,369705,-236997,-15676,-146848943,-58269
2021/08/19,自營商,40541,308686,55912094,1394951,48211,298544,62633074,1291109,-7670,10142,-6720980,103842.0,89122,104452,76149624,764356,86481,103828,38385562,702538,2641,624,37764062,61818
2021/08/19,投信,10,0,33113,0,1425,0,4486451,0,-1415,0,-4453338,0.0,22600,62,61430582,1426,22923,0,66993769,0,-323,62,-5563187,1426
2021/08/19,外資及陸資,439378,139429,495616340,951829,443199,147833,490265922,1020243,-3821,-8404,5350418,-68414.0,74881,36934,80172607,546137,315696,61014,217309084,641803,-240815,-24080,-137136477,-95666
2021/08/20,自營商,46153,307672,61304988,1371818,47510,302918,62197905,1308621,-1357,4754,-892917,63197.0,91612,119257,77408839,957215,90456,113895,41061194,845354,1156,5362,36347645,111861
2021/08/20,投信,53,0,100782,0,285,0,923515,0,-232,0,-822733,0.0,22576,62,60735626,1695,23131,0,67076792,0,-555,62,-6341166,1695
2021/08/20,外資及陸資,497912,160076,601704977,1086532,490469,160620,587453600,1103761,7443,-544,14251377,-17229.0,78752,41988,81310284,650827,312124,66612,203222712,759836,-233372,-24624,-121912428,-109009
2021/08/23,自營商,39585,294930,50577049,1019730,36182,287872,48573936,994170,3403,7058,2003113,25560.0,95597,132225,82412405,891321,90740,119792,43034255,693665,4857,12433,39378150,197656
2021/08/23,投信,1571,0,5238701,0,9,0,30019,0,1562,0,5208682,0.0,23032,62,64080317,778,22025,0,65409405,0,1007,62,-1329088,778
2021/08/23,外資及陸資,326009,172869,372290623,875077,323189,169285,372240035,870333,2820,3584,50588,4744.0,88631,48273,91728239,482880,319210,69313,217509475,632900,-230579,-21040,-125781236,-150020
2021/08/24,自營商,33375,226956,33760395,548209,34909,219510,36504873,543218,-1534,7446,-2744478,4991.0,96399,140245,82289696,889950,92984,120394,45416599,677671,3415,19851,36873097,212279
2021/08/24,投信,263,0,851559,0,0,0,0,0,263,0,851559,0.0,23145,62,64832001,625,21875,0,65312088,0,1270,62,-480087,625
2021/08/24,外資及陸資,283297,151189,273027544,588242,283076,150732,271262177,598755,221,457,1765367,-10513.0,91775,50990,95374819,454820,322157,71573,219827834,621454,-230382,-20583,-124453015,-166634
2021/08/25,自營商,36548,391833,47003887,849856,37230,367408,47211645,738457,-682,24425,-207758,111399.0,95810,109042,81452985,809952,93212,89902,44432430,559192,2598,19140,37020555,250760
2021/08/25,投信,652,7,2169267,22,1,7,3392,0,651,0,2165875,22.0,23358,62,66207272,461,21437,0,64531049,0,1921,62,1676223,461
2021/08/25,外資及陸資,270074,180913,286187607,556018,273469,181416,283094885,546942,-3395,-503,3092722,9076.0,98365,39664,103808989,383916,332124,62585,226703866,617817,-233759,-22921,-122894877,-233901
2021/08/26,自營商,35445,190907,45531568,682645,33917,212908,39915263,833652,1528,-22001,5616305,-151007.0,96484,112997,83852879,808105,92305,115898,41081592,680036,4179,-2901,42771287,128069
2021/08/26,投信,9,0,23104,0,126,0,427999,0,-117,0,-404895,0.0,23239,62,65924550,431,21435,0,64656701,0,1804,62,1267849,431
2021/08/26,外資及陸資,311448,108648,373601012,615207,318276,106337,374396205,609466,-6828,2311,-795193,5741.0,93657,45439,92922660,414855,334262,66049,216745549,650246,-240605,-20610,-123822889,-235391
2021/08/27,自營商,30730,213486,41374993,769106,37936,198163,49924162,674794,-7206,15323,-8549169,94312.0,93927,128352,80820699,943854,96787,115940,46198485,715081,-2860,12412,34622214,228773
2021/08/27,投信,630,0,2164326,0,921,0,3164142,0,-291,0,-999816,0.0,22408,62,63755691,287,20895,0,63479168,0,1513,62,276523,287
2021/08/27,外資及陸資,291658,109302,352403231,611652,282908,109418,339695566,606169,8750,-116,12707665,5483.0,99793,45570,99440375,435416,331651,66296,211364094,723972,-231858,-20726,-111923719,-288556
2021/08/30,自營商,26306,227384,36622092,647075,28459,225615,36606298,640152,-2153,1769,15794,6923.0,92912,136604,82898212,1067799,94377,122115,46800268,796204,-1465,14489,36097944,271595
2021/08/30,投信,821,0,2809102,0,5,0,17130,0,816,0,2791972,0.0,22595,62,64967530,171,20266,0,61902651,0,2329,62,3064879,171
2021/08/30,外資及陸資,227261,121338,276809279,547040,231840,129043,283345023,606046,-4579,-7705,-6535744,-59006.0,99575,49793,96312691,474044,336018,78224,215835793,878256,-236443,-28431,-119523102,-404212
2021/08/31,自營商,38554,296393,53929229,773053,38676,302200,55344497,793837,-122,-5807,-1415268,-20784.0,93996,141385,84549210,1200292,95293,132761,49591308,933772,-1297,8624,34957902,266520
2021/08/31,投信,591,0,2062496,0,9,0,28063,0,582,0,2034433,0.0,22661,62,65652072,124,19750,0,60532252,0,2911,62,5119820,124
2021/08/31,外資及陸資,277887,189279,352555530,751028,275869,191130,351256858,749983,2018,-1851,1298672,1045.0,106382,50591,115906702,541589,340825,80873,234553639,983650,-234443,-30282,-118646937,-442061
2021/09/01,自營商,39160,321119,52728505,681159,36322,337017,51332650,719570,2838,-15898,1395855,-38411.0,94606,106852,82163730,1017446,92828,108585,45689471,780624,1778,-1733,36474259,236822
2021/09/01,投信,62,7,216698,14,43,7,134524,0,19,0,82174,14.0,22668,62,65776623,112,19738,0,60559382,0,2930,62,5217241,112
2021/09/01,外資及陸資,307322,199849,328184556,600003,318713,200922,337341315,614874,-11391,-1073,-9156759,-14871.0,104272,43606,112886627,479715,350106,73728,240426623,943890,-245834,-30122,-127539996,-464175
2021/09/02,自營商,38537,211145,46919075,672198,36809,212870,48156206,689920,1728,-1725,-1237131,-17722.0,96278,130372,80108858,960411,92340,133852,45174899,779940,3938,-3480,34933959,180471
2021/09/02,投信,4,0,13870,0,373,0,1291697,0,-369,0,-1277827,0.0,22523,62,64705035,153,19962,0,60806894,0,2561,62,3898141,153
2021/09/02,外資及陸資,322973,101210,363178288,561629,321264,102354,348128724,560834,1709,-1144,15049564,795.0,102238,46445,110903084,439774,346333,77711,222477604,825233,-244095,-31266,-111574520,-385459
2021/09/03,自營商,35148,216004,43530246,705116,35145,202396,46036016,625736,3,13608,-2505770,79380.0,98717,150183,84044730,1198218,94766,140041,51252469,887633,3951,10142,32792261,310585
2021/09/03,投信,352,0,1232332,0,269,0,595173,0,83,0,637159,0.0,22270,62,64881294,80,19626,0,60309413,0,2644,62,4571881,80
2021/09/03,外資及陸資,314354,91436,322719292,472091,311326,93983,335332333,489751,3028,-2547,-12613041,-17660.0,106335,49154,109642345,509148,347411,82967,235286559,1000356,-241076,-33813,-125644214,-491208
2021/09/06,自營商,41537,247258,46023473,691464,38706,233044,47622514,638612,2831,14214,-1599041,52852.0,100600,161791,83378549,1167670,93678,137420,52197885,824397,6922,24371,31180664,343273
2021/09/06,投信,27,2,76092,6,254,2,888474,1,-227,0,-812382,5.0,22249,62,64770779,61,19832,0,61007380,0,2417,62,3763399,61
2021/09/06,外資及陸資,380498,140362,372794596,630500,369862,145013,359440094,669970,10636,-4651,13354502,-39470.0,114422,50469,114175297,486793,344853,88933,225993151,986546,-230431,-38464,-111817854,-499753
2021/09/07,自營商,35986,277020,47240380,596634,37207,292177,47275086,643353,-1221,-15157,-34706,-46719.0,101520,164647,85247131,1092540,95771,155447,54169234,816736,5749,9200,31077897,275804
2021/09/07,投信,6,1,18295,3,790,1,2750557,0,-784,0,-2732262,3.0,21470,62,61796572,62,19837,0,60780818,0,1633,62,1015754,62
2021/09/07,外資及陸資,304618,133892,318312510,521366,305281,134633,316054545,538171,-663,-741,2257965,-16805.0,111406,53501,109770949,469145,342503,92706,219070081,936375,-231097,-39205,-109299132,-467230
2021/09/08,自營商,51167,444216,68012147,899706,48517,469575,66813857,918988,2650,-25359,1198290,-19282.0,101105,141085,80289332,958708,92920,114774,48131968,744369,8185,26311,32157364,214339
2021/09/08,投信,40,7,106957,20,858,7,2959573,0,-818,0,-2852616,20.0,21195,62,60240510,107,20380,0,62088710,0,815,62,-1848200,107
2021/09/08,外資及陸資,355324,263071,399109529,827042,350637,260397,393289504,806193,4687,2674,5820025,20849.0,113408,52320,112394578,457981,339829,87384,214542197,804458,-226421,-35064,-102147619,-346477
2021/09/09,自營商,41206,206368,55993749,650733,39453,211374,53548384,665053,1753,-5006,2445365,-14320.0,102992,145279,82857590,938656,92770,123973,48321087,753183,10222,21306,34536503,185473
2021/09/09,投信,94,0,207153,0,838,0,2770764,0,-744,0,-2563611,0.0,20451,62,57597580,92,20380,0,62006649,0,71,62,-4409069,92
2021/09/09,外資及陸資,368279,122581,439406946,691645,365721,117327,435781817,664921,2558,5254,3625129,26724.0,108773,62224,113475578,500484,337133,92034,212152676,800573,-228360,-29810,-98677098,-300089
2021/09/10,自營商,42572,207956,56016763,626478,42853,202013,55076774,562038,-281,5943,939989,64440.0,105596,155228,88155378,1084719,95679,128006,52251694,790196,9917,27222,35903684,294523
2021/09/10,投信,3007,0,5566305,0,2425,0,3516388,0,582,0,2049917,0.0,20535,62,58678457,20,19882,0,61097923,0,653,62,-2419466,20
2021/09/10,外資及陸資,331365,101105,347333333,534989,338901,105734,355626913,569440,-7536,-4629,-8293580,-34451.0,113364,65009,119983330,552705,349272,99448,228388605,1005188,-235908,-34439,-108405275,-452483
